   5.0000 1.1820e+07 7.8003e+06 1.7131e+07 8.2850e+06 1.6688e+07 1.0300e+07 1.3596e+07 1.0657e+07 1.2982e+07
   5.2500 1.1041e+07 7.3853e+06 1.5981e+07 7.8257e+06 1.5592e+07 9.6628e+06 1.2642e+07 9.9793e+06 1.2102e+07
   5.5000 1.0286e+07 6.9708e+06 1.4868e+07 7.3703e+06 1.4526e+07 9.0395e+06 1.1726e+07 9.3185e+06 1.1253e+07
   5.7500 9.5615e+06 6.5621e+06 1.3801e+07 6.9239e+06 1.3501e+07 8.4367e+06 1.0856e+07 8.6817e+06 1.0441e+07
   6.0000 8.8726e+06 6.1629e+06 1.2786e+07 6.4903e+06 1.2524e+07 7.8587e+06 1.0034e+07 8.0731e+06 9.6720e+06
   6.2500 8.2216e+06 5.7764e+06 1.1829e+07 6.0725e+06 1.1598e+07 7.3087e+06 9.2625e+06 7.4958e+06 8.9474e+06
   6.5000 7.6100e+06 5.4051e+06 1.0930e+07 5.6728e+06 1.0728e+07 6.7885e+06 8.5430e+06 6.9515e+06 8.2686e+06
   6.7500 7.0382e+06 5.0453e+06 1.0091e+07 5.2866e+06 9.9126e+06 6.2990e+06 7.8744e+06 6.4407e+06 7.6356e+06
   7.0000 6.5054e+06 4.6763e+06 9.3095e+06 4.8900e+06 9.1525e+06 5.8404e+06 7.2551e+06 5.9634e+06 7.0474e+06
   7.2500 6.0107e+06 4.3324e+06 8.5848e+06 4.5218e+06 8.4463e+06 5.4123e+06 6.6830e+06 5.5190e+06 6.5024e+06
   7.5000 5.5525e+06 4.0128e+06 7.9144e+06 4.1809e+06 7.7920e+06 5.0138e+06 6.1558e+06 5.1062e+06 5.9988e+06
   7.7500 5.1289e+06 3.7164e+06 7.2956e+06 3.8657e+06 7.1872e+06 4.6438e+06 5.6708e+06 4.7236e+06 5.5342e+06
   8.0000 4.7380e+06 3.4420e+06 6.7253e+06 3.5749e+06 6.6292e+06 4.3007e+06 5.2251e+06 4.3698e+06 5.1063e+06
   8.2500 4.3778e+06 3.1883e+06 6.2005e+06 3.3067e+06 6.1151e+06 3.9833e+06 4.8160e+06 4.0429e+06 4.7126e+06
   8.5000 4.0460e+06 2.9540e+06 5.7180e+06 3.0597e+06 5.6419e+06 3.6898e+06 4.4408e+06 3.7413e+06 4.3506e+06
   8.7500 3.7407e+06 2.7378e+06 5.2747e+06 2.8323e+06 5.2068e+06 3.4188e+06 4.0967e+06 3.4633e+06 4.0181e+06
   9.0000 3.4599e+06 2.5385e+06 4.8678e+06 2.6230e+06 4.8071e+06 3.1687e+06 3.7813e+06 3.2071e+06 3.7128e+06
   9.2500 3.2017e+06 2.3547e+06 4.4943e+06 2.4305e+06 4.4399e+06 2.9381e+06 3.4922e+06 2.9711e+06 3.4324e+06
   9.5000 2.9644e+06 2.1853e+06 4.1515e+06 2.2534e+06 4.1028e+06 2.7254e+06 3.2272e+06 2.7538e+06 3.1750e+06
   9.7500 2.7463e+06 2.0292e+06 3.8371e+06 2.0904e+06 3.7932e+06 2.5294e+06 2.9843e+06 2.5538e+06 2.9388e+06
  10.0000 2.5458e+06 1.8853e+06 3.5487e+06 1.9405e+06 3.5092e+06 2.3487e+06 2.7617e+06 2.3696e+06 2.7220e+06
  10.2500 2.3615e+06 1.7527e+06 3.2842e+06 1.8025e+06 3.2485e+06 2.1822e+06 2.5575e+06 2.2002e+06 2.5228e+06
  10.5000 2.1919e+06 1.6305e+06 3.0413e+06 1.6755e+06 3.0091e+06 2.0287e+06 2.3702e+06 2.0440e+06 2.3399e+06
  10.7500 2.0359e+06 1.5177e+06 2.8182e+06 1.5585e+06 2.7891e+06 1.8871e+06 2.1981e+06 1.9001e+06 2.1716e+06
  11.0000 1.8921e+06 1.4136e+06 2.6132e+06 1.4506e+06 2.5867e+06 1.7563e+06 2.0400e+06 1.7674e+06 2.0168e+06
  11.2500 1.7597e+06 1.3175e+06 2.4245e+06 1.3510e+06 2.4006e+06 1.6356e+06 1.8945e+06 1.6450e+06 1.8743e+06
  11.5000 1.6374e+06 1.2286e+06 2.2509e+06 1.2591e+06 2.2291e+06 1.5240e+06 1.7606e+06 1.5319e+06 1.7430e+06
  11.7500 1.5246e+06 1.1464e+06 2.0909e+06 1.1742e+06 2.0711e+06 1.4208e+06 1.6372e+06 1.4275e+06 1.6218e+06
  12.0000 1.4207e+06 1.0705e+06 1.9438e+06 1.0958e+06 1.9257e+06 1.3255e+06 1.5236e+06 1.3311e+06 1.5103e+06
  12.2500 1.3249e+06 1.0004e+06 1.8086e+06 1.0234e+06 1.7920e+06 1.2376e+06 1.4192e+06 1.2422e+06 1.4076e+06
  12.5000 1.2365e+06 9.3548e+05 1.6840e+06 9.5658e+05 1.6689e+06 1.1563e+06 1.3229e+06 1.1600e+06 1.3129e+06
  12.7500 1.1548e+06 8.7541e+05 1.5692e+06 8.9472e+05 1.5554e+06 1.0811e+06 1.2341e+06 1.0841e+06 1.2254e+06
  13.0000 1.0792e+06 8.1973e+05 1.4633e+06 8.3742e+05 1.4506e+06 1.0115e+06 1.1521e+06 1.0138e+06 1.1446e+06
  13.2500 1.0093e+06 7.6807e+05 1.3654e+06 7.8429e+05 1.3538e+06 9.4690e+05 1.0763e+06 9.4867e+05 1.0699e+06
  13.5000 9.4444e+05 7.2008e+05 1.2749e+06 7.3498e+05 1.2642e+06 8.8695e+05 1.0061e+06 8.8824e+05 1.0006e+06
  13.7500 8.8428e+05 6.7547e+05 1.1911e+06 6.8918e+05 1.1812e+06 8.3125e+05 9.4110e+05 8.3212e+05 9.3644e+05
  14.0000 8.2841e+05 6.3396e+05 1.1134e+06 6.4657e+05 1.1043e+06 7.7944e+05 8.8079e+05 7.7995e+05 8.7685e+05
  14.2500 7.7646e+05 5.9530e+05 1.0413e+06 6.0692e+05 1.0330e+06 7.3122e+05 8.2480e+05 7.3142e+05 8.2149e+05
  14.5000 7.2815e+05 5.5928e+05 9.7445e+05 5.7000e+05 9.6672e+05 6.8632e+05 7.7278e+05 6.8625e+05 7.7004e+05
  14.7500 6.8332e+05 5.2580e+05 9.1251e+05 5.3569e+05 9.0537e+05 6.4462e+05 7.2458e+05 6.4432e+05 7.2232e+05
  15.0000 6.4172e+05 4.9466e+05 8.5515e+05 5.0380e+05 8.4854e+05 6.0587e+05 6.7987e+05 6.0538e+05 6.7805e+05
  15.2500 6.0306e+05 4.6567e+05 8.0195e+05 4.7413e+05 7.9584e+05 5.6984e+05 6.3837e+05 5.6917e+05 6.3694e+05
  15.5000 5.6709e+05 4.3866e+05 7.5257e+05 4.4649e+05 7.4691e+05 5.3629e+05 5.9980e+05 5.3547e+05 5.9871e+05
  15.7500 5.3361e+05 4.1346e+05 7.0669e+05 4.2072e+05 7.0144e+05 5.0502e+05 5.6393e+05 5.0407e+05 5.6314e+05
  16.0000 5.0240e+05 3.8994e+05 6.6402e+05 3.9666e+05 6.5914e+05 4.7585e+05 5.3052e+05 4.7480e+05 5.3000e+05
  16.2500 4.7328e+05 3.6795e+05 6.2430e+05 3.7418e+05 6.1977e+05 4.4861e+05 4.9939e+05 4.4747e+05 4.9909e+05
  16.5000 4.4610e+05 3.4738e+05 5.8728e+05 3.5317e+05 5.8307e+05 4.2315e+05 4.7035e+05 4.2193e+05 4.7025e+05
  16.7500 4.2069e+05 3.2812e+05 5.5276e+05 3.3350e+05 5.4884e+05 3.9934e+05 4.4324e+05 3.9806e+05 4.4331e+05
  17.0000 3.9692e+05 3.1007e+05 5.2054e+05 3.1508e+05 5.1689e+05 3.7704e+05 4.1790e+05 3.7571e+05 4.1813e+05
  17.2500 3.7467e+05 2.9314e+05 4.9044e+05 2.9781e+05 4.8703e+05 3.5614e+05 3.9420e+05 3.5478e+05 3.9456e+05
  17.5000 3.5383e+05 2.7726e+05 4.6229e+05 2.8160e+05 4.5912e+05 3.3655e+05 3.7202e+05 3.3516e+05 3.7249e+05
  17.7500 3.3428e+05 2.6234e+05 4.3596e+05 2.6639e+05 4.3300e+05 3.1817e+05 3.5124e+05 3.1676e+05 3.5181e+05
  18.0000 3.1598e+05 2.4834e+05 4.1135e+05 2.5212e+05 4.0858e+05 3.0093e+05 3.3179e+05 2.9951e+05 3.3245e+05
  18.2500 2.9884e+05 2.3521e+05 3.8834e+05 2.3875e+05 3.8574e+05 2.8479e+05 3.1360e+05 2.8336e+05 3.1432e+05
  18.5000 2.8278e+05 2.2290e+05 3.6681e+05 2.2620e+05 3.6439e+05 2.6964e+05 2.9656e+05 2.6822e+05 2.9734e+05
  18.7500 2.6772e+05 2.1133e+05 3.4666e+05 2.1442e+05 3.4439e+05 2.5544e+05 2.8059e+05 2.5401e+05 2.8142e+05
  19.0000 2.5358e+05 2.0046e+05 3.2779e+05 2.0334e+05 3.2566e+05 2.4209e+05 2.6561e+05 2.4068e+05 2.6649e+05
  19.2500 2.4031e+05 1.9023e+05 3.1009e+05 1.9294e+05 3.0810e+05 2.2956e+05 2.5156e+05 2.2815e+05 2.5247e+05
  19.5000 2.2784e+05 1.8061e+05 2.9350e+05 1.8314e+05 2.9163e+05 2.1777e+05 2.3836e+05 2.1637e+05 2.3930e+05
  19.7500 2.1611e+05 1.7155e+05 2.7792e+05 1.7392e+05 2.7617e+05 2.0668e+05 2.2596e+05 2.0530e+05 2.2693e+05
  20.0000 2.0508e+05 1.6301e+05 2.6329e+05 1.6524e+05 2.6164e+05 1.9623e+05 2.1430e+05 1.9488e+05 2.1529e+05
  20.2500 1.9470e+05 1.5496e+05 2.4955e+05 1.5705e+05 2.4800e+05 1.8640e+05 2.0333e+05 1.8506e+05 2.0433e+05
  20.5000 1.8491e+05 1.4737e+05 2.3662e+05 1.4933e+05 2.3516e+05 1.7712e+05 1.9301e+05 1.7581e+05 1.9401e+05
  20.7500 1.7569e+05 1.4020e+05 2.2446e+05 1.4204e+05 2.2309e+05 1.6838e+05 1.8328e+05 1.6708e+05 1.8429e+05
  21.0000 1.6699e+05 1.3343e+05 2.1301e+05 1.3516e+05 2.1172e+05 1.6012e+05 1.7412e+05 1.5886e+05 1.7513e+05
  21.2500 1.5879e+05 1.2703e+05 2.0223e+05 1.2866e+05 2.0102e+05 1.5233e+05 1.6548e+05 1.5109e+05 1.6648e+05
  21.5000 1.5104e+05 1.2098e+05 1.9207e+05 1.2251e+05 1.9093e+05 1.4497e+05 1.5732e+05 1.4375e+05 1.5833e+05
  21.7500 1.4372e+05 1.1525e+05 1.8249e+05 1.1670e+05 1.8141e+05 1.3801e+05 1.4963e+05 1.3682e+05 1.5062e+05
  22.0000 1.3681e+05 1.0984e+05 1.7345e+05 1.1120e+05 1.7244e+05 1.3144e+05 1.4236e+05 1.3027e+05 1.4334e+05
  22.2500 1.3028e+05 1.0472e+05 1.6494e+05 1.0600e+05 1.6397e+05 1.2522e+05 1.3550e+05 1.2408e+05 1.3648e+05
  22.5000 1.2411e+05 9.9875e+04 1.5690e+05 1.0109e+05 1.5599e+05 1.1934e+05 1.2902e+05 1.1823e+05 1.2998e+05
  22.7500 1.1828e+05 9.5291e+04 1.4931e+05 9.6434e+04 1.4845e+05 1.1379e+05 1.2290e+05 1.1270e+05 1.2385e+05
  23.0000 1.1276e+05 9.0949e+04 1.4214e+05 9.2028e+04 1.4133e+05 1.0853e+05 1.1712e+05 1.0747e+05 1.1805e+05
  23.2500 1.0754e+05 8.6836e+04 1.3537e+05 8.7855e+04 1.3461e+05 1.0355e+05 1.1165e+05 1.0252e+05 1.1256e+05
  23.5000 1.0260e+05 8.2938e+04 1.2897e+05 8.3901e+04 1.2825e+05 9.8834e+04 1.0647e+05 9.7828e+04 1.0737e+05
  23.7500 9.7918e+04 7.9241e+04 1.2292e+05 8.0151e+04 1.2224e+05 9.4366e+04 1.0157e+05 9.3385e+04 1.0245e+05
  24.0000 9.3484e+04 7.5734e+04 1.1720e+05 7.6595e+04 1.1654e+05 9.0130e+04 9.6927e+04 8.9175e+04 9.7793e+04
  24.2500 8.9280e+04 7.2406e+04 1.1178e+05 7.3220e+04 1.1116e+05 8.6112e+04 9.2530e+04 8.5183e+04 9.3378e+04
  24.5000 8.5294e+04 6.9246e+04 1.0664e+05 7.0017e+04 1.0606e+05 8.2301e+04 8.8361e+04 8.1396e+04 8.9192e+04
  24.7500 8.1511e+04 6.6244e+04 1.0178e+05 6.6974e+04 1.0123e+05 7.8683e+04 8.4409e+04 7.7803e+04 8.5221e+04
  25.0000 7.7922e+04 6.3392e+04 9.7174e+04 6.4084e+04 9.6648e+04 7.5247e+04 8.0659e+04 7.4391e+04 8.1453e+04
  25.2500 7.4514e+04 6.0681e+04 9.2805e+04 6.1336e+04 9.2306e+04 7.1984e+04 7.7101e+04 7.1151e+04 7.7877e+04
  25.5000 7.1276e+04 5.8102e+04 8.8661e+04 5.8724e+04 8.8188e+04 6.8883e+04 7.3722e+04 6.8073e+04 7.4480e+04
  25.7500 6.8200e+04 5.5649e+04 8.4730e+04 5.6239e+04 8.4280e+04 6.5934e+04 7.0514e+04 6.5147e+04 7.1253e+04
  26.0000 6.5276e+04 5.3315e+04 8.0998e+04 5.3874e+04 8.0570e+04 6.3130e+04 6.7465e+04 6.2366e+04 6.8186e+04
  26.2500 6.2495e+04 5.1092e+04 7.7454e+04 5.1623e+04 7.7047e+04 6.0462e+04 6.4567e+04 5.9720e+04 6.5270e+04
  26.5000 5.9849e+04 4.8975e+04 7.4087e+04 4.9479e+04 7.3700e+04 5.7924e+04 6.1812e+04 5.7202e+04 6.2497e+04
  26.7500 5.7332e+04 4.6958e+04 7.0888e+04 4.7437e+04 7.0520e+04 5.5506e+04 5.9191e+04 5.4806e+04 5.9859e+04
  27.0000 5.4936e+04 4.5036e+04 6.7847e+04 4.5492e+04 6.7497e+04 5.3204e+04 5.6698e+04 5.2524e+04 5.7348e+04
  27.2500 5.2655e+04 4.3205e+04 6.4956e+04 4.3638e+04 6.4623e+04 5.1012e+04 5.4325e+04 5.0352e+04 5.4958e+04
  27.5000 5.0483e+04 4.1460e+04 6.2208e+04 4.1872e+04 6.1890e+04 4.8925e+04 5.2068e+04 4.8284e+04 5.2684e+04
  27.7500 4.8415e+04 3.9795e+04 5.9593e+04 4.0188e+04 5.9290e+04 4.6935e+04 4.9918e+04 4.6313e+04 5.0518e+04
  28.0000 4.6444e+04 3.8208e+04 5.7104e+04 3.8582e+04 5.6816e+04 4.5039e+04 4.7870e+04 4.4435e+04 4.8454e+04
  28.2500 4.4566e+04 3.6694e+04 5.4735e+04 3.7050e+04 5.4460e+04 4.3231e+04 4.5919e+04 4.2644e+04 4.6487e+04
  28.5000 4.2774e+04 3.5249e+04 5.2480e+04 3.5588e+04 5.2217e+04 4.1506e+04 4.4060e+04 4.0937e+04 4.4612e+04
  28.7500 4.1066e+04 3.3869e+04 5.0330e+04 3.4192e+04 5.0080e+04 3.9861e+04 4.2287e+04 3.9308e+04 4.2825e+04
  29.0000 3.9436e+04 3.2552e+04 4.8283e+04 3.2860e+04 4.8043e+04 3.8290e+04 4.0596e+04 3.7754e+04 4.1119e+04
  29.2500 3.7881e+04 3.1293e+04 4.6330e+04 3.1587e+04 4.6102e+04 3.6791e+04 3.8983e+04 3.6270e+04 3.9492e+04
  29.5000 3.6396e+04 3.0090e+04 4.4469e+04 3.0371e+04 4.4250e+04 3.5359e+04 3.7444e+04 3.4854e+04 3.7939e+04
  29.7500 3.4978e+04 2.8941e+04 4.2693e+04 2.9208e+04 4.2484e+04 3.3991e+04 3.5975e+04 3.3500e+04 3.6456e+04
  30.0000 3.3623e+04 2.7842e+04 4.0999e+04 2.8097e+04 4.0799e+04 3.2684e+04 3.4572e+04 3.2208e+04 3.5039e+04
  30.2500 3.2329e+04 2.6791e+04 3.9382e+04 2.7034e+04 3.9191e+04 3.1434e+04 3.3231e+04 3.0972e+04 3.3686e+04
  30.5000 3.1091e+04 2.5785e+04 3.7838e+04 2.6018e+04 3.7655e+04 3.0239e+04 3.1950e+04 2.9791e+04 3.2392e+04
  30.7500 2.9908e+04 2.4823e+04 3.6363e+04 2.5045e+04 3.6188e+04 2.9097e+04 3.0726e+04 2.8662e+04 3.1156e+04
  31.0000 2.8777e+04 2.3902e+04 3.4954e+04 2.4114e+04 3.4787e+04 2.8004e+04 2.9556e+04 2.7581e+04 2.9974e+04
  31.2500 2.7695e+04 2.3020e+04 3.3608e+04 2.3223e+04 3.3448e+04 2.6958e+04 2.8437e+04 2.6548e+04 2.8843e+04
  31.5000 2.6660e+04 2.2175e+04 3.2322e+04 2.2370e+04 3.2168e+04 2.5956e+04 2.7367e+04 2.5559e+04 2.7761e+04
  31.7500 2.5668e+04 2.1366e+04 3.1091e+04 2.1552e+04 3.0944e+04 2.4998e+04 2.6343e+04 2.4612e+04 2.6726e+04
  32.0000 2.4720e+04 2.0591e+04 2.9915e+04 2.0769e+04 2.9774e+04 2.4080e+04 2.5362e+04 2.3705e+04 2.5735e+04
  32.2500 2.3811e+04 1.9848e+04 2.8789e+04 2.0018e+04 2.8654e+04 2.3200e+04 2.4424e+04 2.2836e+04 2.4786e+04
  32.5000 2.2940e+04 1.9135e+04 2.7712e+04 1.9299e+04 2.7583e+04 2.2357e+04 2.3525e+04 2.2004e+04 2.3877e+04
  32.7500 2.2106e+04 1.8452e+04 2.6681e+04 1.8609e+04 2.6557e+04 2.1550e+04 2.2665e+04 2.1207e+04 2.3006e+04
  33.0000 2.1307e+04 1.7797e+04 2.5694e+04 1.7947e+04 2.5575e+04 2.0775e+04 2.1840e+04 2.0443e+04 2.2172e+04
  33.2500 2.0541e+04 1.7169e+04 2.4749e+04 1.7312e+04 2.4635e+04 2.0033e+04 2.1050e+04 1.9710e+04 2.1372e+04
  33.5000 1.9807e+04 1.6566e+04 2.3845e+04 1.6703e+04 2.3735e+04 1.9321e+04 2.0293e+04 1.9008e+04 2.0606e+04
  33.7500 1.9103e+04 1.5987e+04 2.2978e+04 1.6119e+04 2.2872e+04 1.8639e+04 1.9567e+04 1.8334e+04 1.9872e+04
  34.0000 1.8428e+04 1.5432e+04 2.2148e+04 1.5559e+04 2.2046e+04 1.7984e+04 1.8871e+04 1.7688e+04 1.9167e+04
  34.2500 1.7780e+04 1.4899e+04 2.1352e+04 1.5020e+04 2.1254e+04 1.7356e+04 1.8204e+04 1.7068e+04 1.8492e+04
  34.5000 1.7158e+04 1.4387e+04 2.0589e+04 1.4504e+04 2.0495e+04 1.6752e+04 1.7564e+04 1.6474e+04 1.7843e+04
  34.7500 1.6562e+04 1.3895e+04 1.9858e+04 1.4007e+04 1.9768e+04 1.6173e+04 1.6950e+04 1.5902e+04 1.7221e+04
  35.0000 1.5989e+04 1.3423e+04 1.9156e+04 1.3531e+04 1.9069e+04 1.5617e+04 1.6360e+04 1.5354e+04 1.6624e+04
  35.2500 1.5439e+04 1.2969e+04 1.8483e+04 1.3073e+04 1.8400e+04 1.5083e+04 1.5794e+04 1.4828e+04 1.6051e+04
  35.5000 1.4911e+04 1.2533e+04 1.7837e+04 1.2632e+04 1.7757e+04 1.4570e+04 1.5251e+04 1.4322e+04 1.5500e+04
  35.7500 1.4404e+04 1.2114e+04 1.7217e+04 1.2209e+04 1.7140e+04 1.4077e+04 1.4729e+04 1.3836e+04 1.4972e+04
  36.0000 1.3916e+04 1.1710e+04 1.6622e+04 1.1802e+04 1.6548e+04 1.3603e+04 1.4228e+04 1.3369e+04 1.4464e+04
  36.2500 1.3447e+04 1.1322e+04 1.6051e+04 1.1411e+04 1.5979e+04 1.3148e+04 1.3746e+04 1.2920e+04 1.3975e+04
  36.5000 1.2997e+04 1.0949e+04 1.5502e+04 1.1034e+04 1.5433e+04 1.2710e+04 1.3283e+04 1.2488e+04 1.3506e+04
  36.7500 1.2564e+04 1.0590e+04 1.4974e+04 1.0672e+04 1.4908e+04 1.2288e+04 1.2838e+04 1.2073e+04 1.3055e+04
  37.0000 1.2147e+04 1.0245e+04 1.4468e+04 1.0324e+04 1.4404e+04 1.1883e+04 1.2410e+04 1.1674e+04 1.2621e+04
  37.2500 1.1746e+04 9.9121e+03 1.3981e+04 9.9880e+03 1.3919e+04 1.1493e+04 1.1998e+04 1.1289e+04 1.2203e+04
  37.5000 1.1361e+04 9.5919e+03 1.3512e+04 9.6650e+03 1.3453e+04 1.1118e+04 1.1602e+04 1.0920e+04 1.1802e+04
  37.7500 1.0989e+04 9.2836e+03 1.3062e+04 9.3540e+03 1.3004e+04 1.0757e+04 1.1221e+04 1.0564e+04 1.1415e+04
  38.0000 1.0632e+04 8.9866e+03 1.2629e+04 9.0545e+03 1.2573e+04 1.0409e+04 1.0854e+04 1.0221e+04 1.1044e+04
  38.2500 1.0288e+04 8.7005e+03 1.2212e+04 8.7659e+03 1.2159e+04 1.0074e+04 1.0502e+04 9.8914e+03 1.0686e+04
  38.5000 9.9571e+03 8.4248e+03 1.1811e+04 8.4879e+03 1.1760e+04 9.7513e+03 1.0162e+04 9.5738e+03 1.0341e+04
  38.7500 9.6382e+03 8.1591e+03 1.1425e+04 8.2200e+03 1.1376e+04 9.4405e+03 9.8347e+03 9.2679e+03 1.0009e+04
  39.0000 9.3309e+03 7.9030e+03 1.1054e+04 7.9617e+03 1.1006e+04 9.1410e+03 9.5196e+03 8.9731e+03 9.6890e+03
  39.2500 9.0349e+03 7.6562e+03 1.0696e+04 7.7128e+03 1.0650e+04 8.8525e+03 9.2161e+03 8.6891e+03 9.3809e+03
  39.5000 8.7496e+03 7.4181e+03 1.0352e+04 7.4727e+03 1.0307e+04 8.5743e+03 8.9237e+03 8.4154e+03 9.0840e+03
  39.7500 8.4746e+03 7.1885e+03 1.0020e+04 7.2412e+03 9.9768e+03 8.3061e+03 8.6419e+03 8.1515e+03 8.7979e+03
  40.0000 8.2095e+03 6.9671e+03 9.7008e+03 7.0179e+03 9.6588e+03 8.0476e+03 8.3702e+03 7.8971e+03 8.5221e+03
  40.2500 7.9539e+03 6.7534e+03 9.3929e+03 6.8025e+03 9.3523e+03 7.7982e+03 8.1084e+03 7.6518e+03 8.2561e+03
  40.5000 7.7074e+03 6.5473e+03 9.0962e+03 6.5947e+03 9.0569e+03 7.5577e+03 7.8559e+03 7.4152e+03 7.9997e+03
  40.7500 7.4696e+03 6.3483e+03 8.8102e+03 6.3941e+03 8.7722e+03 7.3256e+03 7.6125e+03 7.1870e+03 7.7524e+03
  41.0000 7.2404e+03 6.1564e+03 8.5346e+03 6.2006e+03 8.4979e+03 7.1018e+03 7.3778e+03 6.9669e+03 7.5139e+03
  41.2500 7.0192e+03 5.9711e+03 8.2690e+03 6.0138e+03 8.2335e+03 6.8859e+03 7.1514e+03 6.7546e+03 7.2839e+03
  41.5000 6.8058e+03 5.7922e+03 8.0129e+03 5.8335e+03 7.9785e+03 6.6775e+03 6.9330e+03 6.5497e+03 7.0620e+03
  41.7500 6.5999e+03 5.6195e+03 7.7660e+03 5.6595e+03 7.7327e+03 6.4764e+03 6.7224e+03 6.3519e+03 6.8479e+03
  42.0000 6.4012e+03 5.4527e+03 7.5278e+03 5.4914e+03 7.4956e+03 6.2823e+03 6.5191e+03 6.1611e+03 6.6414e+03
  42.2500 6.2094e+03 5.2917e+03 7.2981e+03 5.3291e+03 7.2669e+03 6.0949e+03 6.3229e+03 5.9768e+03 6.4420e+03
  42.5000 6.0242e+03 5.1361e+03 7.0764e+03 5.1722e+03 7.0462e+03 5.9139e+03 6.1334e+03 5.7988e+03 6.2495e+03
  42.7500 5.8453e+03 4.9857e+03 6.8626e+03 5.0207e+03 6.8333e+03 5.7391e+03 5.9506e+03 5.6270e+03 6.0637e+03
  43.0000 5.6726e+03 4.8404e+03 6.6561e+03 4.8743e+03 6.6277e+03 5.5702e+03 5.7740e+03 5.4609e+03 5.8842e+03
  43.2500 5.5057e+03 4.7000e+03 6.4568e+03 4.7328e+03 6.4293e+03 5.4070e+03 5.6034e+03 5.3006e+03 5.7108e+03
  43.5000 5.3445e+03 4.5643e+03 6.2644e+03 4.5961e+03 6.2377e+03 5.2494e+03 5.4386e+03 5.1456e+03 5.5433e+03
  43.7500 5.1887e+03 4.4330e+03 6.0786e+03 4.4638e+03 6.0527e+03 5.0970e+03 5.2794e+03 4.9958e+03 5.3815e+03
  44.0000 5.0381e+03 4.3061e+03 5.8991e+03 4.3359e+03 5.8740e+03 4.9496e+03 5.1256e+03 4.8510e+03 5.2251e+03
  44.2500 4.8925e+03 4.1833e+03 5.7258e+03 4.2123e+03 5.7014e+03 4.8072e+03 4.9769e+03 4.7110e+03 5.0740e+03
  44.5000 4.7518e+03 4.0646e+03 5.5582e+03 4.0927e+03 5.5346e+03 4.6695e+03 4.8332e+03 4.5757e+03 4.9278e+03
  44.7500 4.6157e+03 3.9497e+03 5.3963e+03 3.9769e+03 5.3734e+03 4.5363e+03 4.6942e+03 4.4448e+03 4.7865e+03
  45.0000 4.4841e+03 3.8386e+03 5.2399e+03 3.8650e+03 5.2176e+03 4.4075e+03 4.5599e+03 4.3182e+03 4.6499e+03
  45.2500 4.3568e+03 3.7310e+03 5.0886e+03 3.7566e+03 5.0669e+03 4.2828e+03 4.4299e+03 4.1957e+03 4.5177e+03
  45.5000 4.2336e+03 3.6269e+03 4.9424e+03 3.6518e+03 4.9213e+03 4.1622e+03 4.3042e+03 4.0772e+03 4.3899e+03
  45.7500 4.1144e+03 3.5261e+03 4.8009e+03 3.5502e+03 4.7805e+03 4.0455e+03 4.1825e+03 3.9626e+03 4.2662e+03
  46.0000 3.9991e+03 3.4285e+03 4.6642e+03 3.4519e+03 4.6443e+03 3.9325e+03 4.0649e+03 3.8516e+03 4.1465e+03
  46.2500 3.8875e+03 3.3340e+03 4.5319e+03 3.3568e+03 4.5125e+03 3.8232e+03 3.9510e+03 3.7442e+03 4.0307e+03
  46.5000 3.7794e+03 3.2425e+03 4.4039e+03 3.2646e+03 4.3851e+03 3.7173e+03 3.8407e+03 3.6402e+03 3.9185e+03
  46.7500 3.6748e+03 3.1539e+03 4.2800e+03 3.1753e+03 4.2617e+03 3.6148e+03 3.7340e+03 3.5395e+03 3.8100e+03
  47.0000 3.5735e+03 3.0680e+03 4.1601e+03 3.0888e+03 4.1424e+03 3.5155e+03 3.6307e+03 3.4420e+03 3.7048e+03
  47.2500 3.4753e+03 2.9848e+03 4.0441e+03 3.0051e+03 4.0268e+03 3.4193e+03 3.5307e+03 3.3476e+03 3.6031e+03
  47.5000 3.3803e+03 2.9042e+03 3.9318e+03 2.9239e+03 3.9150e+03 3.3262e+03 3.4338e+03 3.2561e+03 3.5045e+03
  47.7500 3.2882e+03 2.8260e+03 3.8230e+03 2.8452e+03 3.8067e+03 3.2359e+03 3.3399e+03 3.1675e+03 3.4090e+03
  48.0000 3.1991e+03 2.7503e+03 3.7177e+03 2.7689e+03 3.7018e+03 3.1484e+03 3.2490e+03 3.0816e+03 3.3164e+03
  48.2500 3.1126e+03 2.6769e+03 3.6158e+03 2.6950e+03 3.6002e+03 3.0637e+03 3.1609e+03 2.9984e+03 3.2268e+03
  48.5000 3.0288e+03 2.6057e+03 3.5170e+03 2.6233e+03 3.5019e+03 2.9815e+03 3.0756e+03 2.9177e+03 3.1399e+03
  48.7500 2.9477e+03 2.5367e+03 3.4213e+03 2.5538e+03 3.4066e+03 2.9018e+03 2.9929e+03 2.8396e+03 3.0557e+03
  49.0000 2.8689e+03 2.4698e+03 3.3285e+03 2.4864e+03 3.3142e+03 2.8246e+03 2.9127e+03 2.7638e+03 2.9741e+03
  49.2500 2.7926e+03 2.4048e+03 3.2387e+03 2.4211e+03 3.2247e+03 2.7497e+03 2.8350e+03 2.6903e+03 2.8949e+03
  49.5000 2.7186e+03 2.3419e+03 3.1516e+03 2.3576e+03 3.1380e+03 2.6771e+03 2.7596e+03 2.6191e+03 2.8182e+03
  49.7500 2.6469e+03 2.2808e+03 3.0672e+03 2.2961e+03 3.0539e+03 2.6067e+03 2.6865e+03 2.5499e+03 2.7438e+03
  50.0000 2.5773e+03 2.2215e+03 2.9854e+03 2.2364e+03 2.9725e+03 2.5384e+03 2.6157e+03 2.4829e+03 2.6716e+03
  50.2500 2.5098e+03 2.1640e+03 2.9061e+03 2.1785e+03 2.8935e+03 2.4721e+03 2.5470e+03 2.4179e+03 2.6017e+03
  50.5000 2.4443e+03 2.1082e+03 2.8292e+03 2.1224e+03 2.8169e+03 2.4079e+03 2.4803e+03 2.3549e+03 2.5338e+03
  50.7500 2.3808e+03 2.0540e+03 2.7546e+03 2.0679e+03 2.7427e+03 2.3455e+03 2.4157e+03 2.2937e+03 2.4680e+03
  51.0000 2.3193e+03 2.0015e+03 2.6823e+03 2.0150e+03 2.6707e+03 2.2850e+03 2.3530e+03 2.2344e+03 2.4041e+03
  51.2500 2.2595e+03 1.9505e+03 2.6122e+03 1.9636e+03 2.6008e+03 2.2263e+03 2.2922e+03 2.1768e+03 2.3422e+03
  51.5000 2.2015e+03 1.9010e+03 2.5442e+03 1.9138e+03 2.5331e+03 2.1694e+03 2.2332e+03 2.1210e+03 2.2821e+03
  51.7500 2.1452e+03 1.8530e+03 2.4783e+03 1.8654e+03 2.4674e+03 2.1141e+03 2.1759e+03 2.0668e+03 2.2237e+03
  52.0000 2.0906e+03 1.8063e+03 2.4143e+03 1.8185e+03 2.4037e+03 2.0604e+03 2.1203e+03 2.0141e+03 2.1671e+03
  52.2500 2.0376e+03 1.7610e+03 2.3522e+03 1.7728e+03 2.3419e+03 2.0083e+03 2.0664e+03 1.9630e+03 2.1122e+03
  52.5000 1.9861e+03 1.7170e+03 2.2919e+03 1.7285e+03 2.2818e+03 1.9577e+03 2.0140e+03 1.9134e+03 2.0588e+03
  52.7500 1.9361e+03 1.6742e+03 2.2334e+03 1.6855e+03 2.2236e+03 1.9086e+03 1.9632e+03 1.8652e+03 2.0070e+03
  53.0000 1.8876e+03 1.6327e+03 2.1767e+03 1.6437e+03 2.1671e+03 1.8609e+03 1.9138e+03 1.8185e+03 1.9567e+03
  53.2500 1.8404e+03 1.5924e+03 2.1216e+03 1.6031e+03 2.1122e+03 1.8146e+03 1.8659e+03 1.7730e+03 1.9079e+03
  53.5000 1.7946e+03 1.5532e+03 2.0681e+03 1.5637e+03 2.0589e+03 1.7695e+03 1.8193e+03 1.7289e+03 1.8604e+03
  53.7500 1.7501e+03 1.5151e+03 2.0161e+03 1.5253e+03 2.0071e+03 1.7258e+03 1.7741e+03 1.6860e+03 1.8143e+03
  54.0000 1.7069e+03 1.4781e+03 1.9656e+03 1.4881e+03 1.9569e+03 1.6833e+03 1.7302e+03 1.6443e+03 1.7695e+03
  54.2500 1.6649e+03 1.4421e+03 1.9166e+03 1.4518e+03 1.9080e+03 1.6420e+03 1.6875e+03 1.6038e+03 1.7260e+03
  54.5000 1.6241e+03 1.4071e+03 1.8690e+03 1.4166e+03 1.8606e+03 1.6019e+03 1.6460e+03 1.5645e+03 1.6838e+03
  54.7500 1.5844e+03 1.3731e+03 1.8228e+03 1.3824e+03 1.8146e+03 1.5629e+03 1.6057e+03 1.5262e+03 1.6427e+03
  55.0000 1.5459e+03 1.3400e+03 1.7778e+03 1.3491e+03 1.7698e+03 1.5250e+03 1.5665e+03 1.4891e+03 1.6028e+03
  55.2500 1.5084e+03 1.3079e+03 1.7342e+03 1.3168e+03 1.7263e+03 1.4881e+03 1.5285e+03 1.4529e+03 1.5639e+03
  55.5000 1.4720e+03 1.2766e+03 1.6917e+03 1.2853e+03 1.6841e+03 1.4522e+03 1.4914e+03 1.4178e+03 1.5262e+03
  55.7500 1.4365e+03 1.2462e+03 1.6505e+03 1.2547e+03 1.6430e+03 1.4174e+03 1.4554e+03 1.3836e+03 1.4895e+03
  56.0000 1.4021e+03 1.2166e+03 1.6104e+03 1.2249e+03 1.6030e+03 1.3835e+03 1.4204e+03 1.3504e+03 1.4538e+03
  56.2500 1.3686e+03 1.1878e+03 1.5714e+03 1.1959e+03 1.5642e+03 1.3505e+03 1.3864e+03 1.3181e+03 1.4191e+03
  56.5000 1.3360e+03 1.1598e+03 1.5336e+03 1.1677e+03 1.5265e+03 1.3184e+03 1.3533e+03 1.2867e+03 1.3854e+03
  56.7500 1.3043e+03 1.1325e+03 1.4967e+03 1.1403e+03 1.4898e+03 1.2872e+03 1.3211e+03 1.2561e+03 1.3526e+03
  57.0000 1.2735e+03 1.1060e+03 1.4609e+03 1.1136e+03 1.4541e+03 1.2569e+03 1.2898e+03 1.2263e+03 1.3206e+03
  57.2500 1.2435e+03 1.0802e+03 1.4261e+03 1.0877e+03 1.4194e+03 1.2273e+03 1.2593e+03 1.1974e+03 1.2896e+03
  57.5000 1.2143e+03 1.0551e+03 1.3922e+03 1.0624e+03 1.3857e+03 1.1986e+03 1.2297e+03 1.1692e+03 1.2593e+03
  57.7500 1.1859e+03 1.0306e+03 1.3592e+03 1.0378e+03 1.3528e+03 1.1706e+03 1.2009e+03 1.1418e+03 1.2299e+03
  58.0000 1.1582e+03 1.0068e+03 1.3271e+03 1.0138e+03 1.3209e+03 1.1434e+03 1.1728e+03 1.1152e+03 1.2013e+03
  58.2500 1.1313e+03 9.8361e+02 1.2959e+03 9.9047e+02 1.2898e+03 1.1169e+03 1.1455e+03 1.0892e+03 1.1734e+03
  58.5000 1.1051e+03 9.6103e+02 1.2656e+03 9.6776e+02 1.2596e+03 1.0911e+03 1.1189e+03 1.0639e+03 1.1463e+03
  58.7500 1.0796e+03 9.3905e+02 1.2360e+03 9.4564e+02 1.2301e+03 1.0660e+03 1.0930e+03 1.0393e+03 1.1199e+03
  59.0000 1.0548e+03 9.1764e+02 1.2073e+03 9.2410e+02 1.2015e+03 1.0415e+03 1.0678e+03 1.0153e+03 1.0942e+03
  59.2500 1.0306e+03 8.9678e+02 1.1793e+03 9.0311e+02 1.1736e+03 1.0177e+03 1.0433e+03 9.9202e+02 1.0692e+03
  59.5000 1.0071e+03 8.7647e+02 1.1520e+03 8.8267e+02 1.1465e+03 9.9452e+02 1.0194e+03 9.6930e+02 1.0448e+03
  59.7500 9.8413e+02 8.5668e+02 1.1255e+03 8.6276e+02 1.1201e+03 9.7193e+02 9.9616e+02 9.4717e+02 1.0211e+03
  60.0000 9.6180e+02 8.3739e+02 1.0997e+03 8.4336e+02 1.0943e+03 9.4993e+02 9.7351e+02 9.2562e+02 9.9798e+02
