   2.0000 3.2702e+08 8.2530e+07 7.1237e+08 9.7006e+07 6.9284e+08 2.4414e+08 4.4812e+08 0.0 0.0 
   2.2500 2.7383e+08 8.6816e+07 5.7519e+08 9.8868e+07 5.5958e+08 2.0778e+08 3.6958e+08 0.0 0.0 
   2.5000 2.2534e+08 8.4619e+07 4.5786e+08 9.4458e+07 4.4565e+08 1.7365e+08 2.9971e+08 0.0 0.0 
   2.7500 1.8374e+08 7.7631e+07 3.6217e+08 8.5515e+07 3.5272e+08 1.4360e+08 2.4104e+08 0.0 0.0 
   3.0000 1.4918e+08 6.9185e+07 2.8603e+08 7.5478e+07 2.7874e+08 1.1808e+08 1.9327e+08 0.0 0.0 
   3.2500 1.2094e+08 6.0578e+07 2.2627e+08 6.5613e+07 2.2061e+08 9.6808e+07 1.5499e+08 0.0 0.0 
   3.5000 9.8147e+07 5.2409e+07 1.7945e+08 5.6442e+07 1.7505e+08 7.9366e+07 1.2452e+08 0.0 0.0 
   3.7500 7.9829e+07 4.5022e+07 1.4271e+08 4.8258e+07 1.3930e+08 6.5173e+07 1.0028e+08 0.0 0.0 
   4.0000 6.5146e+07 3.8505e+07 1.1416e+08 4.1113e+07 1.1149e+08 5.3651e+07 8.1108e+07 0.0 0.0 
   4.2500 5.3333e+07 3.2868e+07 9.1802e+07 3.4978e+07 8.9706e+07 4.4283e+07 6.5859e+07 0.0 0.0 
   4.5000 4.3781e+07 2.7999e+07 7.4102e+07 2.9705e+07 7.2455e+07 3.6643e+07 5.3637e+07 0.0 0.0 
   4.7500 3.6143e+07 2.3427e+07 6.0198e+07 2.4759e+07 5.8898e+07 3.0477e+07 4.3942e+07 0.0 0.0 
   5.0000 3.0013e+07 1.9691e+07 4.9234e+07 2.0740e+07 4.8202e+07 2.5481e+07 3.6225e+07 0.0 0.0 
   5.2500 2.5035e+07 1.6610e+07 4.0492e+07 1.7440e+07 3.9669e+07 2.1390e+07 3.0011e+07 0.0 0.0 
   5.5000 2.0958e+07 1.4052e+07 3.3456e+07 1.4711e+07 3.2798e+07 1.8013e+07 2.4962e+07 0.0 0.0 
   5.7500 1.7627e+07 1.1938e+07 2.7791e+07 1.2465e+07 2.7260e+07 1.5236e+07 2.0868e+07 0.0 0.0 
   6.0000 1.4894e+07 1.0185e+07 2.3206e+07 1.0608e+07 2.2776e+07 1.2943e+07 1.7533e+07 0.0 0.0 
   6.2500 1.2639e+07 8.7207e+06 1.9471e+07 9.0625e+06 1.9121e+07 1.1038e+07 1.4798e+07 0.0 0.0 
   6.5000 1.0765e+07 7.4905e+06 1.6410e+07 7.7680e+06 1.6123e+07 9.4454e+06 1.2542e+07 0.0 0.0 
   6.7500 9.2005e+06 6.4528e+06 1.3887e+07 6.6792e+06 1.3651e+07 8.1083e+06 1.0670e+07 0.0 0.0 
   7.0000 7.8932e+06 5.5779e+06 1.1802e+07 5.7633e+06 1.1607e+07 6.9855e+06 9.1128e+06 0.0 0.0 
   7.2500 6.7958e+06 4.8373e+06 1.0070e+07 4.9896e+06 9.9077e+06 6.0386e+06 7.8126e+06 0.0 0.0 
   7.5000 5.8707e+06 4.2077e+06 8.6239e+06 4.3334e+06 8.4890e+06 5.2366e+06 6.7219e+06 0.0 0.0 
   7.7500 5.0875e+06 3.6703e+06 7.4122e+06 3.7743e+06 7.2993e+06 4.5545e+06 5.8031e+06 0.0 0.0 
   8.0000 4.4219e+06 3.2098e+06 6.3926e+06 3.2963e+06 6.2977e+06 3.9722e+06 5.0260e+06 0.0 0.0 
   8.2500 3.8547e+06 2.8144e+06 5.5316e+06 2.8866e+06 5.4515e+06 3.4738e+06 4.3667e+06 0.0 0.0 
   8.5000 3.3702e+06 2.4744e+06 4.8021e+06 2.5349e+06 4.7343e+06 3.0465e+06 3.8056e+06 0.0 0.0 
   8.7500 2.9548e+06 2.1811e+06 4.1817e+06 2.2320e+06 4.1241e+06 2.6789e+06 3.3264e+06 0.0 0.0 
   9.0000 2.5975e+06 1.9272e+06 3.6522e+06 1.9701e+06 3.6031e+06 2.3616e+06 2.9157e+06 0.0 0.0 
   9.2500 2.2892e+06 1.7069e+06 3.1987e+06 1.7431e+06 3.1566e+06 2.0869e+06 2.5626e+06 0.0 0.0 
   9.5000 2.0224e+06 1.5150e+06 2.8090e+06 1.5458e+06 2.7729e+06 1.8484e+06 2.2581e+06 0.0 0.0 
   9.7500 1.7909e+06 1.3475e+06 2.4732e+06 1.3738e+06 2.4420e+06 1.6407e+06 1.9946e+06 0.0 0.0 
  10.0000 1.5895e+06 1.2011e+06 2.1830e+06 1.2235e+06 2.1561e+06 1.4595e+06 1.7662e+06 0.0 0.0 
  10.2500 1.4139e+06 1.0728e+06 1.9317e+06 1.0920e+06 1.9084e+06 1.3011e+06 1.5676e+06 0.0 0.0 
  10.5000 1.2604e+06 9.6006e+05 1.7133e+06 9.7654e+05 1.6930e+06 1.1623e+06 1.3945e+06 0.0 0.0 
  10.7500 1.1259e+06 8.6083e+05 1.5231e+06 8.7503e+05 1.5054e+06 1.0403e+06 1.2431e+06 0.0 0.0 
  11.0000 1.0077e+06 7.7328e+05 1.3569e+06 7.8554e+05 1.3414e+06 9.3289e+05 1.1105e+06 0.0 0.0 
  11.2500 9.0366e+05 6.9586e+05 1.2113e+06 7.0648e+05 1.1977e+06 8.3809e+05 9.9405e+05 0.0 0.0 
  11.5000 8.1185e+05 6.2726e+05 1.0835e+06 6.3648e+05 1.0716e+06 7.5424e+05 8.9149e+05 0.0 0.0  
  11.7500 7.3066e+05 5.6636e+05 9.7105e+05 5.7438e+05 9.6053e+05 6.7994e+05 8.0099e+05 0.0 0.0 
  12.0000 6.5872e+05 5.1219e+05 8.7189e+05 5.1919e+05 8.6260e+05 6.1397e+05 7.2098e+05 0.0 0.0 
  12.2500 5.9489e+05 4.6394e+05 7.8432e+05 4.7006e+05 7.7609e+05 5.5531e+05 6.5013e+05 0.0 0.0 
  12.5000 5.3813e+05 4.2088e+05 7.0683e+05 4.2625e+05 6.9952e+05 5.0305e+05 5.8725e+05 0.0 0.0 
  12.7500 4.8756e+05 3.8238e+05 6.3810e+05 3.8710e+05 6.3159e+05 4.5640e+05 5.3133e+05 0.0 0.0 
  13.0000 4.4242e+05 3.4790e+05 5.7701e+05 3.5206e+05 5.7121e+05 4.1469e+05 4.8150e+05 0.0 0.0
  13.2500 4.0205e+05 3.1697e+05 5.2260e+05 3.2064e+05 5.1742e+05 3.7733e+05 4.3702e+05 0.0 0.0
  13.5000 3.6589e+05 2.8918e+05 4.7405e+05 2.9243e+05 4.6941e+05 3.4380e+05 3.9723e+05 0.0 0.0
  13.7500 3.3344e+05 2.6416e+05 4.3065e+05 2.6704e+05 4.2649e+05 3.1367e+05 3.6158e+05 0.0 0.0
  14.0000 3.0427e+05 2.4162e+05 3.9179e+05 2.4418e+05 3.8804e+05 2.8655e+05 3.2959e+05 0.0 0.0
  14.2500 2.7801e+05 2.2127e+05 3.5692e+05 2.2354e+05 3.5355e+05 2.6210e+05 3.0082e+05 0.0 0.0
  14.5000 2.5434e+05 2.0287e+05 3.2559e+05 2.0490e+05 3.2255e+05 2.4002e+05 2.7493e+05 0.0 0.0
  14.7500 2.3297e+05 1.8622e+05 2.9741e+05 1.8804e+05 2.9466e+05 2.2008e+05 2.5159e+05 0.0 0.0
  15.0000 2.1367e+05 1.7114e+05 2.7202e+05 1.7277e+05 2.6954e+05 2.0204e+05 2.3053e+05 0.0 0.0
  15.2500 1.9620e+05 1.5746e+05 2.4913e+05 1.5892e+05 2.4687e+05 1.8568e+05 2.1149e+05 0.0 0.0
  15.5000 1.8036e+05 1.4503e+05 2.2844e+05 1.4634e+05 2.2639e+05 1.7085e+05 1.9425e+05 0.0 0.0
  15.7500 1.6599e+05 1.3373e+05 2.0972e+05 1.3490e+05 2.0785e+05 1.5737e+05 1.7863e+05 0.0 0.0
  16.0000 1.5293e+05 1.2343e+05 1.9276e+05 1.2449e+05 1.9106e+05 1.4510e+05 1.6444e+05 0.0 0.0
  16.2500 1.4104e+05 1.1404e+05 1.7736e+05 1.1499e+05 1.7581e+05 1.3393e+05 1.5155e+05 0.0 0.0
  16.5000 1.3022e+05 1.0546e+05 1.6338e+05 1.0632e+05 1.6196e+05 1.2374e+05 1.3981e+05 0.0 0.0
  16.7500 1.2034e+05 9.7621e+04 1.5066e+05 9.8401e+04 1.4936e+05 1.1443e+05 1.2911e+05 0.0 0.0
  17.0000 1.1131e+05 9.0446e+04 1.3907e+05 9.1153e+04 1.3788e+05 1.0593e+05 1.1935e+05 0.0 0.0
  17.2500 1.0306e+05 8.3873e+04 1.2850e+05 8.4515e+04 1.2741e+05 9.8141e+04 1.1044e+05 0.0 0.0
  17.5000 9.5511e+04 7.7845e+04 1.1885e+05 7.8429e+04 1.1785e+05 9.1007e+04 1.0228e+05 0.0 0.0
  17.7500 8.8592e+04 7.2312e+04 1.1003e+05 7.2844e+04 1.0911e+05 8.4466e+04 9.4813e+04 0.0 0.0
  18.0000 8.2247e+04 6.7231e+04 1.0196e+05 6.7715e+04 1.0112e+05 7.8464e+04 8.7972e+04 0.0 0.0
  18.2500 7.6424e+04 6.2559e+04 9.4573e+04 6.3002e+04 9.3790e+04 7.2951e+04 8.1697e+04 0.0 0.0
  18.5000 7.1074e+04 5.8260e+04 8.7795e+04 5.8664e+04 8.7072e+04 6.7882e+04 7.5936e+04 0.0 0.0
  18.7500 6.6153e+04 5.4300e+04 8.1573e+04 5.4669e+04 8.0906e+04 6.3216e+04 7.0642e+04 0.0 0.0
  19.0000 6.1623e+04 5.0648e+04 7.5856e+04 5.0986e+04 7.5239e+04 5.8918e+04 6.5770e+04 0.0 0.0
  19.2500 5.7448e+04 4.7277e+04 7.0599e+04 4.7587e+04 7.0027e+04 5.4954e+04 6.1284e+04 0.0 0.0
  19.5000 5.3596e+04 4.4162e+04 6.5758e+04 4.4447e+04 6.5228e+04 5.1296e+04 5.7148e+04 0.0 0.0
  19.7500 5.0041e+04 4.1283e+04 6.1298e+04 4.1545e+04 6.0806e+04 4.7915e+04 5.3333e+04 0.0 0.0
  20.0000 4.6755e+04 3.8618e+04 5.7184e+04 3.8859e+04 5.6727e+04 4.4790e+04 4.9809e+04 0.0 0.0
  20.2500 4.3716e+04 3.6149e+04 5.3387e+04 3.6371e+04 5.2961e+04 4.1897e+04 4.6553e+04 0.0 0.0
  20.5000 4.0903e+04 3.3861e+04 4.9878e+04 3.4066e+04 4.9482e+04 3.9217e+04 4.3540e+04 0.0 0.0
  20.7500 3.8297e+04 3.1738e+04 4.6634e+04 3.1927e+04 4.6265e+04 3.6734e+04 4.0751e+04 0.0 0.0
  21.0000 3.5881e+04 2.9766e+04 4.3632e+04 2.9941e+04 4.3288e+04 3.4429e+04 3.8166e+04 0.0 0.0
  21.2500 3.3639e+04 2.7935e+04 4.0852e+04 2.8096e+04 4.0530e+04 3.2290e+04 3.5770e+04 0.0 0.0
  21.5000 3.1557e+04 2.6231e+04 3.8275e+04 2.6382e+04 3.7974e+04 3.0302e+04 3.3545e+04 0.0 0.0
  21.7500 2.9623e+04 2.4647e+04 3.5883e+04 2.4786e+04 3.5602e+04 2.8454e+04 3.1479e+04 0.0 0.0
  22.0000 2.7824e+04 2.3173e+04 3.3663e+04 2.3302e+04 3.3399e+04 2.6736e+04 2.9559e+04 0.0 0.0
  22.2500 2.6150e+04 2.1799e+04 3.1599e+04 2.1919e+04 3.1352e+04 2.5136e+04 2.7772e+04 0.0 0.0
  22.5000 2.4592e+04 2.0519e+04 2.9680e+04 2.0630e+04 2.9448e+04 2.3645e+04 2.6110e+04 0.0 0.0
  22.7500 2.3140e+04 1.9325e+04 2.7894e+04 1.9428e+04 2.7676e+04 2.2256e+04 2.4560e+04 0.0 0.0
  23.0000 2.1785e+04 1.8210e+04 2.6230e+04 1.8307e+04 2.6026e+04 2.0960e+04 2.3116e+04 0.0 0.0
  23.2500 2.0522e+04 1.7169e+04 2.4681e+04 1.7259e+04 2.4489e+04 1.9750e+04 2.1769e+04 0.0 0.0
  23.5000 1.9342e+04 1.6196e+04 2.3236e+04 1.6280e+04 2.3056e+04 1.8620e+04 2.0512e+04 0.0 0.0
  23.7500 1.8240e+04 1.5286e+04 2.1887e+04 1.5364e+04 2.1718e+04 1.7564e+04 1.9338e+04 0.0 0.0
  24.0000 1.7209e+04 1.4435e+04 2.0629e+04 1.4508e+04 2.0469e+04 1.6577e+04 1.8241e+04 0.0 0.0
  24.2500 1.6246e+04 1.3637e+04 1.9453e+04 1.3706e+04 1.9303e+04 1.5653e+04 1.7215e+04 0.0 0.0
  24.5000 1.5344e+04 1.2890e+04 1.8354e+04 1.2954e+04 1.8212e+04 1.4787e+04 1.6255e+04 0.0 0.0
  24.7500 1.4499e+04 1.2190e+04 1.7326e+04 1.2250e+04 1.7193e+04 1.3977e+04 1.5356e+04 0.0 0.0
  25.0000 1.3707e+04 1.1534e+04 1.6364e+04 1.1590e+04 1.6239e+04 1.3217e+04 1.4515e+04 0.0 0.0
  25.2500 1.2965e+04 1.0917e+04 1.5464e+04 1.0970e+04 1.5346e+04 1.2504e+04 1.3726e+04 0.0 0.0
  25.5000 1.2269e+04 1.0339e+04 1.4621e+04 1.0388e+04 1.4509e+04 1.1836e+04 1.2986e+04 0.0 0.0
  25.7500 1.1616e+04 9.7952e+03 1.3830e+04 9.8415e+03 1.3724e+04 1.1208e+04 1.2292e+04 0.0 0.0
  26.0000 1.1002e+04 9.2844e+03 1.3089e+04 9.3278e+03 1.2989e+04 1.0618e+04 1.1641e+04 0.0 0.0
  26.2500 1.0426e+04 8.8039e+03 1.2393e+04 8.8447e+03 1.2299e+04 1.0064e+04 1.1029e+04 0.0 0.0
  26.5000 9.8834e+03 8.3517e+03 1.1740e+04 8.3902e+03 1.1650e+04 9.5424e+03 1.0453e+04 0.0 0.0
  26.7500 9.3734e+03 7.9261e+03 1.1125e+04 7.9622e+03 1.1040e+04 9.0518e+03 9.9121e+03 0.0 0.0
  27.0000 8.8934e+03 7.5251e+03 1.0547e+04 7.5592e+03 1.0467e+04 8.5899e+03 9.4028e+03 0.0 0.0
  27.2500 8.4414e+03 7.1473e+03 1.0003e+04 7.1794e+03 9.9270e+03 8.1549e+03 8.9233e+03 0.0 0.0
  27.5000 8.0155e+03 6.7911e+03 9.4912e+03 6.8213e+03 9.4189e+03 7.7450e+03 8.4717e+03 0.0 0.0
  27.7500 7.6142e+03 6.4551e+03 9.0090e+03 6.4836e+03 8.9405e+03 7.3585e+03 8.0461e+03 0.0 0.0
  28.0000 7.2357e+03 6.1380e+03 8.5547e+03 6.1650e+03 8.4896e+03 6.9940e+03 7.6449e+03 0.0 0.0
  28.2500 6.8787e+03 5.8387e+03 8.1265e+03 5.8642e+03 8.0647e+03 6.6501e+03 7.2664e+03 0.0 0.0
  28.5000 6.5417e+03 5.5561e+03 7.7227e+03 5.5801e+03 7.6640e+03 6.3254e+03 6.9094e+03 0.0 0.0
  28.7500 6.2236e+03 5.2890e+03 7.3417e+03 5.3117e+03 7.2860e+03 6.0188e+03 6.5723e+03 0.0 0.0
  29.0000 5.9231e+03 5.0365e+03 6.9822e+03 5.0580e+03 6.9292e+03 5.7292e+03 6.2540e+03 0.0 0.0
  29.2500 5.6392e+03 4.7978e+03 6.6427e+03 4.8181e+03 6.5923e+03 5.4554e+03 5.9533e+03 0.0 0.0
  29.5000 5.3708e+03 4.5720e+03 6.3222e+03 4.5912e+03 6.2742e+03 5.1966e+03 5.6691e+03 0.0 0.0
  29.7500 5.1171e+03 4.3583e+03 6.0192e+03 4.3765e+03 5.9736e+03 4.9518e+03 5.4005e+03 0.0 0.0
  30.0000 4.8770e+03 4.1552e+03 5.7329e+03 4.1724e+03 5.6894e+03 4.7201e+03 5.1464e+03 0.0 0.0
  30.2500 4.6498e+03 3.9622e+03 5.4622e+03 3.9785e+03 5.4208e+03 4.5009e+03 4.9059e+03 0.0 0.0
  30.5000 4.4346e+03 3.7794e+03 5.2061e+03 3.7948e+03 5.1666e+03 4.2933e+03 4.6784e+03 0.0 0.0
  30.7500 4.2309e+03 3.6063e+03 4.9647e+03 3.6209e+03 4.9270e+03 4.0966e+03 4.4629e+03 0.0 0.0
  31.0000 4.0380e+03 3.4422e+03 4.7364e+03 3.4561e+03 4.7006e+03 3.9103e+03 4.2589e+03 0.0 0.0
  31.2500 3.8551e+03 3.2867e+03 4.5203e+03 3.2998e+03 4.4861e+03 3.7337e+03 4.0655e+03 0.0 0.0
  31.5000 3.6817e+03 3.1392e+03 4.3155e+03 3.1517e+03 4.2829e+03 3.5662e+03 3.8822e+03 0.0 0.0
  31.7500 3.5172e+03 2.9993e+03 4.1214e+03 3.0111e+03 4.0903e+03 3.4073e+03 3.7085e+03 0.0 0.0
  32.0000 3.3611e+03 2.8665e+03 3.9372e+03 2.8777e+03 3.9075e+03 3.2565e+03 3.5435e+03 0.0 0.0
  32.2500 3.2129e+03 2.7404e+03 3.7623e+03 2.7510e+03 3.7340e+03 3.1132e+03 3.3869e+03 0.0 0.0
  32.5000 3.0720e+03 2.6205e+03 3.5962e+03 2.6306e+03 3.5692e+03 2.9771e+03 3.2381e+03 0.0 0.0
  32.7500 2.9381e+03 2.5066e+03 3.4384e+03 2.5161e+03 3.4126e+03 2.8478e+03 3.0967e+03 0.0 0.0
  33.0000 2.8109e+03 2.3983e+03 3.2884e+03 2.4073e+03 3.2637e+03 2.7249e+03 2.9623e+03 0.0 0.0
  33.2500 2.6899e+03 2.2953e+03 3.1458e+03 2.3039e+03 3.1222e+03 2.6080e+03 2.8346e+03 0.0 0.0
  33.5000 2.5748e+03 2.1973e+03 3.0102e+03 2.2055e+03 2.9877e+03 2.4968e+03 2.7130e+03 0.0 0.0
  33.7500 2.4652e+03 2.1041e+03 2.8812e+03 2.1118e+03 2.8597e+03 2.3909e+03 2.5974e+03 0.0 0.0
  34.0000 2.3610e+03 2.0153e+03 2.7585e+03 2.0227e+03 2.7379e+03 2.2902e+03 2.4874e+03 0.0 0.0
  34.2500 2.2618e+03 1.9308e+03 2.6417e+03 1.9378e+03 2.6219e+03 2.1943e+03 2.3826e+03 0.0 0.0
  34.5000 2.1672e+03 1.8504e+03 2.5305e+03 1.8569e+03 2.5116e+03 2.1030e+03 2.2829e+03 0.0 0.0
  34.7500 2.0772e+03 1.7737e+03 2.4246e+03 1.7799e+03 2.4065e+03 2.0160e+03 2.1879e+03 0.0 0.0
  35.0000 1.9915e+03 1.7006e+03 2.3237e+03 1.7066e+03 2.3064e+03 1.9331e+03 2.0974e+03 0.0 0.0
  35.2500 1.9097e+03 1.6310e+03 2.2276e+03 1.6366e+03 2.2110e+03 1.8541e+03 2.0111e+03 0.0 0.0
  35.5000 1.8318e+03 1.5646e+03 2.1360e+03 1.5699e+03 2.1201e+03 1.7788e+03 1.9289e+03 0.0 0.0
  35.7500 1.7575e+03 1.5013e+03 2.0487e+03 1.5063e+03 2.0335e+03 1.7069e+03 1.8505e+03 0.0 0.0
  36.0000 1.6866e+03 1.4409e+03 1.9655e+03 1.4457e+03 1.9508e+03 1.6384e+03 1.7757e+03 0.0 0.0
  36.2500 1.6189e+03 1.3833e+03 1.8860e+03 1.3878e+03 1.8720e+03 1.5730e+03 1.7044e+03 0.0 0.0
  36.5000 1.5544e+03 1.3283e+03 1.8103e+03 1.3326e+03 1.7968e+03 1.5106e+03 1.6363e+03 0.0 0.0
  36.7500 1.4928e+03 1.2758e+03 1.7380e+03 1.2799e+03 1.7251e+03 1.4510e+03 1.5713e+03 0.0 0.0
  37.0000 1.4340e+03 1.2257e+03 1.6690e+03 1.2295e+03 1.6566e+03 1.3941e+03 1.5093e+03 0.0 0.0
  37.2500 1.3778e+03 1.1778e+03 1.6031e+03 1.1814e+03 1.5912e+03 1.3398e+03 1.4501e+03 0.0 0.0
  37.5000 1.3242e+03 1.1321e+03 1.5402e+03 1.1355e+03 1.5288e+03 1.2879e+03 1.3935e+03 0.0 0.0
  37.7500 1.2729e+03 1.0884e+03 1.4802e+03 1.0916e+03 1.4692e+03 1.2383e+03 1.3395e+03 0.0 0.0
  38.0000 1.2239e+03 1.0466e+03 1.4228e+03 1.0497e+03 1.4122e+03 1.1909e+03 1.2878e+03 0.0 0.0
  38.2500 1.1771e+03 1.0067e+03 1.3680e+03 1.0096e+03 1.3578e+03 1.1455e+03 1.2385e+03 0.0 0.0
  38.5000 1.1324e+03 9.6849e+02 1.3155e+03 9.7129e+02 1.3058e+03 1.1022e+03 1.1913e+03 0.0 0.0
  38.7500 1.0895e+03 9.3196e+02 1.2654e+03 9.3462e+02 1.2561e+03 1.0607e+03 1.1461e+03 0.0 0.0
  39.0000 1.0485e+03 8.9698e+02 1.2175e+03 8.9950e+02 1.2085e+03 1.0210e+03 1.1029e+03 0.0 0.0
  39.2500 1.0093e+03 8.6347e+02 1.1716e+03 8.6588e+02 1.1629e+03 9.8291e+02 1.0615e+03 0.0 0.0
  39.5000 9.7169e+02 8.3137e+02 1.1276e+03 8.3367e+02 1.1193e+03 9.4643e+02 1.0219e+03 0.0 0.0
  39.7500 9.3567e+02 8.0062e+02 1.0855e+03 8.0281e+02 1.0775e+03 9.1146e+02 9.8399e+02 0.0 0.0
  40.0000 9.0116e+02 7.7114e+02 1.0452e+03 7.7323e+02 1.0375e+03 8.7793e+02 9.4764e+02 0.0 0.0
  40.2500 8.6808e+02 7.4289e+02 1.0066e+03 7.4489e+02 9.9921e+02 8.4578e+02 9.1281e+02 0.0 0.0
  40.5000 8.3638e+02 7.1579e+02 9.6963e+02 7.1771e+02 9.6249e+02 8.1495e+02 8.7942e+02 0.0 0.0
  40.7500 8.0598e+02 6.8981e+02 9.3418e+02 6.9166e+02 9.2729e+02 7.8538e+02 8.4742e+02 0.0 0.0
  41.0000 7.7683e+02 6.6490e+02 9.0019e+02 6.6667e+02 8.9355e+02 7.5701e+02 8.1673e+02 0.0 0.0
  41.2500 7.4887e+02 6.4099e+02 8.6760e+02 6.4269e+02 8.6121e+02 7.2978e+02 7.8730e+02 0.0 0.0
  41.5000 7.2204e+02 6.1805e+02 8.3634e+02 6.1969e+02 8.3018e+02 7.0365e+02 7.5906e+02 0.0 0.0
  41.7500 6.9630e+02 5.9604e+02 8.0636e+02 5.9762e+02 8.0042e+02 6.7857e+02 7.3198e+02 0.0 0.0
  42.0000 6.7160e+02 5.7491e+02 7.7760e+02 5.7644e+02 7.7187e+02 6.5449e+02 7.0598e+02 0.0 0.0
  42.2500 6.4789e+02 5.5463e+02 7.4999e+02 5.5610e+02 7.4446e+02 6.3137e+02 6.8103e+02 0.0 0.0
  42.5000 6.2512e+02 5.3515e+02 7.2350e+02 5.3657e+02 7.1816e+02 6.0916e+02 6.5708e+02 0.0 0.0
  42.7500 6.0326e+02 5.1644e+02 6.9807e+02 5.1782e+02 6.9292e+02 5.8783e+02 6.3408e+02 0.0 0.0
  43.0000 5.8226e+02 4.9847e+02 6.7364e+02 4.9981e+02 6.6867e+02 5.6734e+02 6.1199e+02 0.0 0.0
  43.2500 5.6209e+02 4.8121e+02 6.5019e+02 4.8251e+02 6.4539e+02 5.4765e+02 5.9078e+02 0.0 0.0
  43.5000 5.4271e+02 4.6462e+02 6.2766e+02 4.6588e+02 6.2302e+02 5.2873e+02 5.7039e+02 0.0 0.0
  43.7500 5.2409e+02 4.4868e+02 6.0601e+02 4.4990e+02 6.0154e+02 5.1055e+02 5.5080e+02 0.0 0.0
  44.0000 5.0619e+02 4.3335e+02 5.8522e+02 4.3454e+02 5.8089e+02 4.9307e+02 5.3198e+02 0.0 0.0
  44.2500 4.8898e+02 4.1862e+02 5.6522e+02 4.1978e+02 5.6104e+02 4.7626e+02 5.1388e+02 0.0 0.0
  44.5000 4.7243e+02 4.0446e+02 5.4601e+02 4.0558e+02 5.4197e+02 4.6010e+02 4.9648e+02 0.0 0.0
  44.7500 4.5652e+02 3.9083e+02 5.2753e+02 3.9193e+02 5.2362e+02 4.4456e+02 4.7975e+02 0.0 0.0
  45.0000 4.4122e+02 3.7773e+02 5.0977e+02 3.7880e+02 5.0599e+02 4.2961e+02 4.6366e+02 0.0 0.0
  45.2500 4.2650e+02 3.6513e+02 4.9268e+02 3.6617e+02 4.8902e+02 4.1523e+02 4.4818e+02 0.0 0.0
  45.5000 4.1234e+02 3.5300e+02 4.7624e+02 3.5402e+02 4.7271e+02 4.0139e+02 4.3329e+02 0.0 0.0
  45.7500 3.9871e+02 3.4133e+02 4.6042e+02 3.4233e+02 4.5700e+02 3.8808e+02 4.1896e+02 0.0 0.0
  46.0000 3.8560e+02 3.3010e+02 4.4520e+02 3.3107e+02 4.4190e+02 3.7527e+02 4.0517e+02 0.0 0.0
  46.2500 3.7298e+02 3.1930e+02 4.3055e+02 3.2024e+02 4.2736e+02 3.6294e+02 3.9189e+02 0.0 0.0
  46.5000 3.6082e+02 3.0889e+02 4.1645e+02 3.0981e+02 4.1336e+02 3.5107e+02 3.7911e+02 0.0 0.0
  46.7500 3.4912e+02 2.9887e+02 4.0288e+02 2.9977e+02 3.9988e+02 3.3964e+02 3.6681e+02 0.0 0.0
  47.0000 3.3785e+02 2.8922e+02 3.8980e+02 2.9010e+02 3.8691e+02 3.2864e+02 3.5495e+02 0.0 0.0
  47.2500 3.2699e+02 2.7993e+02 3.7721e+02 2.8079e+02 3.7440e+02 3.1804e+02 3.4353e+02 0.0 0.0
  47.5000 3.1653e+02 2.7097e+02 3.6507e+02 2.7180e+02 3.6236e+02 3.0783e+02 3.3253e+02 0.0 0.0
  47.7500 3.0644e+02 2.6233e+02 3.5338e+02 2.6314e+02 3.5075e+02 2.9799e+02 3.2192e+02 0.0 0.0
  48.0000 2.9671e+02 2.5400e+02 3.4210e+02 2.5480e+02 3.3956e+02 2.8851e+02 3.1169e+02 0.0 0.0
  48.2500 2.8733e+02 2.4597e+02 3.3124e+02 2.4675e+02 3.2877e+02 2.7937e+02 3.0183e+02 0.0 0.0
  48.5000 2.7829e+02 2.3823e+02 3.2076e+02 2.3898e+02 3.1837e+02 2.7056e+02 2.9232e+02 0.0 0.0
  48.7500 2.6956e+02 2.3076e+02 3.1066e+02 2.3149e+02 3.0835e+02 2.6206e+02 2.8315e+02 0.0 0.0
  49.0000 2.6114e+02 2.2356e+02 3.0091e+02 2.2427e+02 2.9867e+02 2.5387e+02 2.7431e+02 0.0 0.0
  49.2500 2.5302e+02 2.1661e+02 2.9152e+02 2.1730e+02 2.8934e+02 2.4597e+02 2.6577e+02 0.0 0.0
  49.5000 2.4519e+02 2.0990e+02 2.8245e+02 2.1057e+02 2.8034e+02 2.3834e+02 2.5754e+02 0.0 0.0
  49.7500 2.3762e+02 2.0343e+02 2.7370e+02 2.0408e+02 2.7166e+02 2.3099e+02 2.4959e+02 0.0 0.0
  50.0000 2.3032e+02 1.9718e+02 2.6526e+02 1.9781e+02 2.6327e+02 2.2389e+02 2.4192e+02 0.0 0.0
  50.2500 2.2328e+02 1.9115e+02 2.5711e+02 1.9176e+02 2.5519e+02 2.1704e+02 2.3451e+02 0.0 0.0
  50.5000 2.1647e+02 1.8532e+02 2.4924e+02 1.8591e+02 2.4738e+02 2.1043e+02 2.2736e+02 0.0 0.0
  50.7500 2.0990e+02 1.7970e+02 2.4164e+02 1.8027e+02 2.3984e+02 2.0404e+02 2.2046e+02 0.0 0.0
  51.0000 2.0355e+02 1.7427e+02 2.3431e+02 1.7482e+02 2.3256e+02 1.9788e+02 2.1379e+02 0.0 0.0
  51.2500 1.9742e+02 1.6902e+02 2.2722e+02 1.6956e+02 2.2552e+02 1.9192e+02 2.0735e+02 0.0 0.0
  51.5000 1.9150e+02 1.6395e+02 2.2038e+02 1.6447e+02 2.1873e+02 1.8617e+02 2.0113e+02 0.0 0.0
  51.7500 1.8578e+02 1.5906e+02 2.1377e+02 1.5956e+02 2.1217e+02 1.8062e+02 1.9512e+02 0.0 0.0
  52.0000 1.8025e+02 1.5432e+02 2.0739e+02 1.5481e+02 2.0583e+02 1.7525e+02 1.8931e+02 0.0 0.0
  52.2500 1.7490e+02 1.4975e+02 2.0122e+02 1.5022e+02 1.9971e+02 1.7006e+02 1.8369e+02 0.0 0.0
  52.5000 1.6974e+02 1.4533e+02 1.9525e+02 1.4578e+02 1.9378e+02 1.6505e+02 1.7827e+02 0.0 0.0
  52.7500 1.6474e+02 1.4106e+02 1.8949e+02 1.4149e+02 1.8806e+02 1.6021e+02 1.7302e+02 0.0 0.0
  53.0000 1.5991e+02 1.3692e+02 1.8391e+02 1.3735e+02 1.8253e+02 1.5552e+02 1.6795e+02 0.0 0.0
  53.2500 1.5525e+02 1.3293e+02 1.7853e+02 1.3334e+02 1.7718e+02 1.5099e+02 1.6304e+02 0.0 0.0
  53.5000 1.5073e+02 1.2906e+02 1.7332e+02 1.2946e+02 1.7201e+02 1.4661e+02 1.5830e+02 0.0 0.0
  53.7500 1.4636e+02 1.2533e+02 1.6828e+02 1.2571e+02 1.6701e+02 1.4238e+02 1.5372e+02 0.0 0.0
  54.0000 1.4214e+02 1.2171e+02 1.6340e+02 1.2208e+02 1.6217e+02 1.3828e+02 1.4928e+02 0.0 0.0
  54.2500 1.3805e+02 1.1821e+02 1.5869e+02 1.1857e+02 1.5749e+02 1.3432e+02 1.4498e+02 0.0 0.0
  54.5000 1.3410e+02 1.1483e+02 1.5413e+02 1.1517e+02 1.5296e+02 1.3048e+02 1.4083e+02 0.0 0.0
  54.7500 1.3027e+02 1.1156e+02 1.4972e+02 1.1189e+02 1.4858e+02 1.2677e+02 1.3681e+02 0.0 0.0
  55.0000 1.2657e+02 1.0839e+02 1.4544e+02 1.0870e+02 1.4434e+02 1.2318e+02 1.3292e+02 0.0 0.0
  55.2500 1.2298e+02 1.0532e+02 1.4131e+02 1.0563e+02 1.4024e+02 1.1970e+02 1.2915e+02 0.0 0.0
  55.5000 1.1951e+02 1.0235e+02 1.3731e+02 1.0265e+02 1.3627e+02 1.1634e+02 1.2551e+02 0.0 0.0
  55.7500 1.1615e+02 9.9475e+01 1.3344e+02 9.9761e+01 1.3243e+02 1.1308e+02 1.2198e+02 0.0 0.0
  56.0000 1.1290e+02 9.6691e+01 1.2969e+02 9.6967e+01 1.2870e+02 1.0992e+02 1.1856e+02 0.0 0.0
  56.2500 1.0975e+02 9.3995e+01 1.2605e+02 9.4261e+01 1.2510e+02 1.0687e+02 1.1525e+02 0.0 0.0
  56.5000 1.0670e+02 9.1384e+01 1.2254e+02 9.1641e+01 1.2161e+02 1.0391e+02 1.1205e+02 0.0 0.0
  56.7500 1.0375e+02 8.8856e+01 1.1913e+02 8.9104e+01 1.1823e+02 1.0104e+02 1.0894e+02 0.0 0.0
  57.0000 1.0088e+02 8.6406e+01 1.1583e+02 8.6645e+01 1.1495e+02 9.8261e+01 1.0593e+02 0.0 0.0
  57.2500 9.8111e+01 8.4032e+01 1.1263e+02 8.4264e+01 1.1178e+02 9.5568e+01 1.0302e+02 0.0 0.0
  57.5000 9.5424e+01 8.1732e+01 1.0954e+02 8.1956e+01 1.0870e+02 9.2958e+01 1.0019e+02 0.0 0.0
  57.7500 9.2819e+01 7.9502e+01 1.0653e+02 7.9719e+01 1.0573e+02 9.0428e+01 9.7457e+01 0.0 0.0
  58.0000 9.0295e+01 7.7341e+01 1.0362e+02 7.7550e+01 1.0284e+02 8.7974e+01 9.4803e+01 0.0 0.0
  58.2500 8.7848e+01 7.5246e+01 1.0080e+02 7.5449e+01 1.0004e+02 8.5595e+01 9.2231e+01 0.0 0.0
  58.5000 8.5476e+01 7.3214e+01 9.8070e+01 7.3411e+01 9.7327e+01 8.3288e+01 8.9737e+01 0.0 0.0
  58.7500 8.3175e+01 7.1244e+01 9.5419e+01 7.1435e+01 9.4697e+01 8.1050e+01 8.7320e+01 0.0 0.0
  59.0000 8.0945e+01 6.9334e+01 9.2849e+01 6.9519e+01 9.2146e+01 7.8879e+01 8.4975e+01 0.0 0.0
  59.2500 7.8781e+01 6.7481e+01 9.0357e+01 6.7661e+01 8.9673e+01 7.6773e+01 8.2701e+01 0.0 0.0
  59.5000 7.6683e+01 6.5684e+01 8.7940e+01 6.5858e+01 8.7275e+01 7.4731e+01 8.0495e+01 0.0 0.0
  59.7500 7.4648e+01 6.3940e+01 8.5595e+01 6.4110e+01 8.4948e+01 7.2748e+01 7.8355e+01 0.0 0.0
  60.0000 7.2674e+01 6.2248e+01 8.3321e+01 6.2414e+01 8.2692e+01 7.0824e+01 7.6279e+01 0.0 0.0
  60.2500 7.0758e+01 6.0607e+01 8.1114e+01 6.0768e+01 8.0502e+01 6.8958e+01 7.4265e+01 0.0 0.0
  60.5000 6.8899e+01 5.9014e+01 7.8973e+01 5.9171e+01 7.8378e+01 6.7146e+01 7.2311e+01 0.0 0.0
  60.7500 6.7095e+01 5.7469e+01 7.6896e+01 5.7621e+01 7.6317e+01 6.5387e+01 7.0414e+01 0.0 0.0
  61.0000 6.5344e+01 5.5968e+01 7.4880e+01 5.6117e+01 7.4316e+01 6.3679e+01 6.8573e+01 0.0 0.0
  61.2500 6.3645e+01 5.4512e+01 7.2923e+01 5.4657e+01 7.2375e+01 6.2022e+01 6.6787e+01 0.0 0.0
  61.5000 6.1995e+01 5.3098e+01 7.1024e+01 5.3240e+01 7.0491e+01 6.0413e+01 6.5052e+01 0.0 0.0
  61.7500 6.0393e+01 5.1725e+01 6.9180e+01 5.1864e+01 6.8661e+01 5.8850e+01 6.3368e+01 0.0 0.0
  62.0000 5.8838e+01 5.0392e+01 6.7390e+01 5.0528e+01 6.6885e+01 5.7332e+01 6.1733e+01 0.0 0.0
  62.2500 5.7328e+01 4.9098e+01 6.5652e+01 4.9230e+01 6.5161e+01 5.5858e+01 6.0145e+01 0.0 0.0
  62.5000 5.5861e+01 4.7841e+01 6.3965e+01 4.7970e+01 6.3486e+01 5.4427e+01 5.8603e+01 0.0 0.0
  62.7500 5.4437e+01 4.6620e+01 6.2326e+01 4.6747e+01 6.1860e+01 5.3036e+01 5.7106e+01 0.0 0.0
  63.0000 5.3053e+01 4.5434e+01 6.0734e+01 4.5558e+01 6.0281e+01 5.1685e+01 5.5651e+01 0.0 0.0
  63.2500 5.1709e+01 4.4282e+01 5.9187e+01 4.4403e+01 5.8747e+01 5.0373e+01 5.4238e+01 0.0 0.0
  63.5000 5.0403e+01 4.3163e+01 5.7685e+01 4.3281e+01 5.7257e+01 4.9097e+01 5.2865e+01 0.0 0.0
  63.7500 4.9134e+01 4.2075e+01 5.6226e+01 4.2191e+01 5.5809e+01 4.7858e+01 5.1532e+01 0.0 0.0
  64.0000 4.7901e+01 4.1018e+01 5.4808e+01 4.1132e+01 5.4402e+01 4.6654e+01 5.0235e+01 0.0 0.0
  64.2500 4.6703e+01 3.9991e+01 5.3430e+01 4.0103e+01 5.3035e+01 4.5483e+01 4.8976e+01 0.0 0.0
  64.5000 4.5538e+01 3.8993e+01 5.2091e+01 3.9102e+01 5.1706e+01 4.4346e+01 4.7752e+01 0.0 0.0
  64.7500 4.4407e+01 3.8022e+01 5.0790e+01 3.8130e+01 5.0415e+01 4.3240e+01 4.6562e+01 0.0 0.0
  65.0000 4.3306e+01 3.7079e+01 4.9525e+01 3.7184e+01 4.9160e+01 4.2165e+01 4.5405e+01 0.0 0.0
  65.2500 4.2236e+01 3.6162e+01 4.8296e+01 3.6265e+01 4.7940e+01 4.1120e+01 4.4281e+01 0.0 0.0
  65.5000 4.1196e+01 3.5270e+01 4.7100e+01 3.5371e+01 4.6754e+01 4.0104e+01 4.3188e+01 0.0 0.0
  65.7500 4.0185e+01 3.4403e+01 4.5938e+01 3.4503e+01 4.5601e+01 3.9116e+01 4.2124e+01 0.0 0.0
  66.0000 3.9201e+01 3.3560e+01 4.4808e+01 3.3658e+01 4.4480e+01 3.8156e+01 4.1091e+01 0.0 0.0
  66.2500 3.8245e+01 3.2740e+01 4.3709e+01 3.2836e+01 4.3390e+01 3.7221e+01 4.0086e+01 0.0 0.0
  66.5000 3.7314e+01 3.1942e+01 4.2640e+01 3.2036e+01 4.2329e+01 3.6313e+01 3.9108e+01 0.0 0.0
  66.7500 3.6409e+01 3.1166e+01 4.1601e+01 3.1259e+01 4.1298e+01 3.5429e+01 3.8157e+01 0.0 0.0
  67.0000 3.5529e+01 3.0412e+01 4.0590e+01 3.0503e+01 4.0295e+01 3.4569e+01 3.7232e+01 0.0 0.0
  67.2500 3.4672e+01 2.9678e+01 3.9606e+01 2.9767e+01 3.9319e+01 3.3733e+01 3.6332e+01 0.0 0.0
  67.5000 3.3838e+01 2.8963e+01 3.8650e+01 2.9051e+01 3.8369e+01 3.2919e+01 3.5456e+01 0.0 0.0
  67.7500 3.3027e+01 2.8268e+01 3.7719e+01 2.8354e+01 3.7446e+01 3.2128e+01 3.4604e+01 0.0 0.0
  68.0000 3.2238e+01 2.7592e+01 3.6813e+01 2.7676e+01 3.6547e+01 3.1357e+01 3.3775e+01 0.0 0.0
  68.2500 3.1470e+01 2.6933e+01 3.5931e+01 2.7016e+01 3.5672e+01 3.0608e+01 3.2968e+01 0.0 0.0
  68.5000 3.0722e+01 2.6293e+01 3.5073e+01 2.6374e+01 3.4821e+01 2.9878e+01 3.2183e+01 0.0 0.0
  68.7500 2.9994e+01 2.5669e+01 3.4238e+01 2.5748e+01 3.3992e+01 2.9168e+01 3.1419e+01 0.0 0.0
  69.0000 2.9285e+01 2.5062e+01 3.3425e+01 2.5140e+01 3.3185e+01 2.8477e+01 3.0674e+01 0.0 0.0
  69.2500 2.8596e+01 2.4471e+01 3.2634e+01 2.4547e+01 3.2400e+01 2.7805e+01 2.9950e+01 0.0 0.0
  69.5000 2.7924e+01 2.3895e+01 3.1864e+01 2.3970e+01 3.1636e+01 2.7150e+01 2.9245e+01 0.0 0.0
  69.7500 2.7270e+01 2.3335e+01 3.1114e+01 2.3408e+01 3.0892e+01 2.6512e+01 2.8558e+01 0.0 0.0
  70.0000 2.6632e+01 2.2789e+01 3.0384e+01 2.2861e+01 3.0167e+01 2.5892e+01 2.7890e+01 0.0 0.0
  70.2500 2.6012e+01 2.2257e+01 2.9673e+01 2.2328e+01 2.9461e+01 2.5287e+01 2.7239e+01 0.0 0.0
  70.5000 2.5407e+01 2.1739e+01 2.8981e+01 2.1808e+01 2.8774e+01 2.4699e+01 2.6604e+01 0.0 0.0
  70.7500 2.4818e+01 2.1235e+01 2.8306e+01 2.1303e+01 2.8105e+01 2.4125e+01 2.5987e+01 0.0 0.0
  71.0000 2.4244e+01 2.0744e+01 2.7650e+01 2.0810e+01 2.7453e+01 2.3567e+01 2.5385e+01 0.0 0.0
  71.2500 2.3686e+01 2.0265e+01 2.7010e+01 2.0330e+01 2.6818e+01 2.3023e+01 2.4799e+01 0.0 0.0
  71.5000 2.3141e+01 1.9798e+01 2.6387e+01 1.9862e+01 2.6200e+01 2.2493e+01 2.4228e+01 0.0 0.0
  71.7500 2.2610e+01 1.9344e+01 2.5780e+01 1.9406e+01 2.5597e+01 2.1976e+01 2.3672e+01 0.0 0.0
  72.0000 2.2093e+01 1.8901e+01 2.5189e+01 1.8962e+01 2.5010e+01 2.1473e+01 2.3130e+01 0.0 0.0
  72.2500 2.1589e+01 1.8469e+01 2.4613e+01 1.8529e+01 2.4438e+01 2.0983e+01 2.2602e+01 0.0 0.0
  72.5000 2.1098e+01 1.8049e+01 2.4051e+01 1.8107e+01 2.3881e+01 2.0505e+01 2.2088e+01 0.0 0.0
  72.7500 2.0619e+01 1.7639e+01 2.3504e+01 1.7695e+01 2.3337e+01 2.0040e+01 2.1586e+01 0.0 0.0
  73.0000 2.0152e+01 1.7239e+01 2.2971e+01 1.7294e+01 2.2808e+01 1.9586e+01 2.1097e+01 0.0 0.0
  73.2500 1.9697e+01 1.6849e+01 2.2452e+01 1.6903e+01 2.2292e+01 1.9144e+01 2.0621e+01 0.0 0.0
  73.5000 1.9253e+01 1.6469e+01 2.1945e+01 1.6522e+01 2.1789e+01 1.8713e+01 2.0157e+01 0.0 0.0
  73.7500 1.8820e+01 1.6099e+01 2.1452e+01 1.6151e+01 2.1299e+01 1.8292e+01 1.9704e+01 0.0 0.0
  74.0000 1.8399e+01 1.5738e+01 2.0970e+01 1.5789e+01 2.0821e+01 1.7883e+01 1.9263e+01 0.0 0.0
  74.2500 1.7988e+01 1.5386e+01 2.0501e+01 1.5435e+01 2.0355e+01 1.7483e+01 1.8832e+01 0.0 0.0
  74.5000 1.7586e+01 1.5043e+01 2.0044e+01 1.5091e+01 1.9901e+01 1.7094e+01 1.8413e+01 0.0 0.0
  74.7500 1.7195e+01 1.4708e+01 1.9598e+01 1.4755e+01 1.9458e+01 1.6714e+01 1.8004e+01 0.0 0.0
  75.0000 1.6814e+01 1.4381e+01 1.9163e+01 1.4427e+01 1.9026e+01 1.6344e+01 1.7605e+01 0.0 0.0
  75.2500 1.6442e+01 1.4063e+01 1.8739e+01 1.4108e+01 1.8605e+01 1.5982e+01 1.7216e+01 0.0 0.0
  75.5000 1.6079e+01 1.3752e+01 1.8325e+01 1.3796e+01 1.8194e+01 1.5630e+01 1.6836e+01 0.0 0.0
  75.7500 1.5725e+01 1.3449e+01 1.7922e+01 1.3492e+01 1.7793e+01 1.5287e+01 1.6466e+01 0.0 0.0
  76.0000 1.5379e+01 1.3154e+01 1.7529e+01 1.3195e+01 1.7402e+01 1.4951e+01 1.6105e+01 0.0 0.0
  76.2500 1.5042e+01 1.2865e+01 1.7145e+01 1.2906e+01 1.7021e+01 1.4624e+01 1.5753e+01 0.0 0.0
  76.5000 1.4713e+01 1.2584e+01 1.6770e+01 1.2623e+01 1.6649e+01 1.4305e+01 1.5409e+01 0.0 0.0
  76.7500 1.4393e+01 1.2309e+01 1.6405e+01 1.2348e+01 1.6286e+01 1.3994e+01 1.5074e+01 0.0 0.0
  77.0000 1.4080e+01 1.2041e+01 1.6049e+01 1.2079e+01 1.5932e+01 1.3690e+01 1.4747e+01 0.0 0.0
  77.2500 1.3774e+01 1.1780e+01 1.5701e+01 1.1816e+01 1.5587e+01 1.3394e+01 1.4428e+01 0.0 0.0
  77.5000 1.3476e+01 1.1525e+01 1.5362e+01 1.1560e+01 1.5250e+01 1.3105e+01 1.4116e+01 0.0 0.0
  77.7500 1.3185e+01 1.1276e+01 1.5031e+01 1.1310e+01 1.4921e+01 1.2823e+01 1.3812e+01 0.0 0.0
  78.0000 1.2901e+01 1.1033e+01 1.4708e+01 1.1066e+01 1.4600e+01 1.2547e+01 1.3515e+01 0.0 0.0
  78.2500 1.2624e+01 1.0796e+01 1.4392e+01 1.0828e+01 1.4287e+01 1.2278e+01 1.3226e+01 0.0 0.0
  78.5000 1.2353e+01 1.0564e+01 1.4084e+01 1.0596e+01 1.3981e+01 1.2016e+01 1.2943e+01 0.0 0.0
  78.7500 1.2089e+01 1.0338e+01 1.3784e+01 1.0369e+01 1.3682e+01 1.1760e+01 1.2667e+01 0.0 0.0
  79.0000 1.1831e+01 1.0117e+01 1.3491e+01 1.0148e+01 1.3391e+01 1.1510e+01 1.2398e+01 0.0 0.0
  79.2500 1.1579e+01 9.9017e+00 1.3204e+01 9.9312e+00 1.3106e+01 1.1266e+01 1.2135e+01 0.0 0.0
  79.5000 1.1333e+01 9.6913e+00 1.2925e+01 9.7201e+00 1.2829e+01 1.1027e+01 1.1878e+01 0.0 0.0
  79.7500 1.1093e+01 9.4859e+00 1.2652e+01 9.5138e+00 1.2557e+01 1.0794e+01 1.1627e+01 0.0 0.0
  80.0000 1.0858e+01 9.2853e+00 1.2385e+01 9.3125e+00 1.2293e+01 1.0567e+01 1.1382e+01 0.0 0.0
  80.2500 1.0629e+01 9.0894e+00 1.2125e+01 9.1158e+00 1.2034e+01 1.0345e+01 1.1143e+01 0.0 0.0
  80.5000 1.0406e+01 8.8981e+00 1.1871e+01 8.9238e+00 1.1781e+01 1.0128e+01 1.0910e+01 0.0 0.0
  80.7500 1.0187e+01 8.7112e+00 1.1623e+01 8.7362e+00 1.1535e+01 9.9167e+00 1.0682e+01 0.0 0.0
  81.0000 9.9740e+00 8.5287e+00 1.1380e+01 8.5530e+00 1.1294e+01 9.7099e+00 1.0459e+01 0.0 0.0
  81.2500 9.7655e+00 8.3504e+00 1.1143e+01 8.3741e+00 1.1059e+01 9.5079e+00 1.0241e+01 0.0 0.0
  81.5000 9.5619e+00 8.1763e+00 1.0912e+01 8.1993e+00 1.0829e+01 9.3105e+00 1.0029e+01 0.0 0.0
  81.7500 9.3631e+00 8.0061e+00 1.0686e+01 8.0285e+00 1.0604e+01 9.1178e+00 9.8212e+00 0.0 0.0
  82.0000 9.1687e+00 7.8399e+00 1.0465e+01 7.8617e+00 1.0385e+01 8.9294e+00 9.6183e+00 0.0 0.0
  82.2500 8.9789e+00 7.6775e+00 1.0249e+01 7.6987e+00 1.0170e+01 8.7454e+00 9.4201e+00 0.0 0.0
  82.5000 8.7934e+00 7.5189e+00 1.0039e+01 7.5394e+00 9.9611e+00 8.5655e+00 9.2264e+00 0.0 0.0
  82.7500 8.6121e+00 7.3638e+00 9.8328e+00 7.3838e+00 9.7564e+00 8.3898e+00 9.0372e+00 0.0 0.0
  83.0000 8.4350e+00 7.2123e+00 9.6316e+00 7.2317e+00 9.5565e+00 8.2181e+00 8.8522e+00 0.0 0.0
  83.2500 8.2619e+00 7.0643e+00 9.4349e+00 7.0831e+00 9.3611e+00 8.0503e+00 8.6715e+00 0.0 0.0
  83.5000 8.0927e+00 6.9196e+00 9.2427e+00 6.9379e+00 9.1701e+00 7.8863e+00 8.4948e+00 0.0 0.0
  83.7500 7.9274e+00 6.7782e+00 9.0549e+00 6.7960e+00 8.9835e+00 7.7260e+00 8.3222e+00 0.0 0.0
  84.0000 7.7657e+00 6.6400e+00 8.8713e+00 6.6572e+00 8.8011e+00 7.5693e+00 8.1534e+00 0.0 0.0
  84.2500 7.6078e+00 6.5048e+00 8.6918e+00 6.5216e+00 8.6227e+00 7.4161e+00 7.9884e+00 0.0 0.0
  84.5000 7.4534e+00 6.3728e+00 8.5163e+00 6.3891e+00 8.4484e+00 7.2663e+00 7.8272e+00 0.0 0.0
  84.7500 7.3025e+00 6.2437e+00 8.3448e+00 6.2596e+00 8.2780e+00 7.1199e+00 7.6695e+00 0.0 0.0
  85.0000 7.1550e+00 6.1176e+00 8.1771e+00 6.1330e+00 8.1114e+00 6.9768e+00 7.5154e+00 0.0 0.0
  85.2500 7.0108e+00 5.9943e+00 8.0132e+00 6.0093e+00 7.9486e+00 6.8369e+00 7.3647e+00 0.0 0.0
  85.5000 6.8699e+00 5.8737e+00 7.8528e+00 5.8883e+00 7.7894e+00 6.7001e+00 7.2173e+00 0.0 0.0
  85.7500 6.7322e+00 5.7559e+00 7.6961e+00 5.7701e+00 7.6337e+00 6.5663e+00 7.0733e+00 0.0 0.0
  86.0000 6.5975e+00 5.6407e+00 7.5428e+00 5.6545e+00 7.4815e+00 6.4355e+00 6.9324e+00 0.0 0.0
  86.2500 6.4659e+00 5.5281e+00 7.3930e+00 5.5416e+00 7.3327e+00 6.3076e+00 6.7947e+00 0.0 0.0
  86.5000 6.3372e+00 5.4180e+00 7.2464e+00 5.4311e+00 7.1871e+00 6.1825e+00 6.6600e+00 0.0 0.0
  86.7500 6.2113e+00 5.3103e+00 7.1030e+00 5.3231e+00 7.0448e+00 6.0601e+00 6.5282e+00 0.0 0.0
  87.0000 6.0883e+00 5.2051e+00 6.9628e+00 5.2175e+00 6.9056e+00 5.9405e+00 6.3994e+00 0.0 0.0
  87.2500 5.9679e+00 5.1021e+00 6.8257e+00 5.1143e+00 6.7695e+00 5.8235e+00 6.2733e+00 0.0 0.0
  87.5000 5.8503e+00 5.0014e+00 6.6916e+00 5.0133e+00 6.6363e+00 5.7090e+00 6.1501e+00 0.0 0.0
  87.7500 5.7352e+00 4.9030e+00 6.5603e+00 4.9145e+00 6.5061e+00 5.5970e+00 6.0295e+00 0.0 0.0
  88.0000 5.6226e+00 4.8067e+00 6.4320e+00 4.8180e+00 6.3787e+00 5.4875e+00 5.9115e+00 0.0 0.0
  88.2500 5.5126e+00 4.7125e+00 6.3064e+00 4.7235e+00 6.2541e+00 5.3803e+00 5.7961e+00 0.0 0.0
  88.5000 5.4049e+00 4.6204e+00 6.1836e+00 4.6311e+00 6.1321e+00 5.2755e+00 5.6832e+00 0.0 0.0
  88.7500 5.2996e+00 4.5303e+00 6.0634e+00 4.5408e+00 6.0129e+00 5.1729e+00 5.5728e+00 0.0 0.0
  89.0000 5.1966e+00 4.4421e+00 5.9458e+00 4.4524e+00 5.8961e+00 5.0725e+00 5.4647e+00 0.0 0.0
  89.2500 5.0958e+00 4.3559e+00 5.8307e+00 4.3659e+00 5.7820e+00 4.9743e+00 5.3589e+00 0.0 0.0
  89.5000 4.9972e+00 4.2715e+00 5.7181e+00 4.2813e+00 5.6702e+00 4.8782e+00 5.2555e+00 0.0 0.0
  89.7500 4.9007e+00 4.1890e+00 5.6079e+00 4.1986e+00 5.5609e+00 4.7842e+00 5.1542e+00 0.0 0.0
  90.0000 4.8063e+00 4.1082e+00 5.5001e+00 4.1176e+00 5.4539e+00 4.6922e+00 5.0551e+00 0.0 0.0
  90.2500 4.7139e+00 4.0292e+00 5.3945e+00 4.0383e+00 5.3492e+00 4.6021e+00 4.9581e+00 0.0 0.0
  90.5000 4.6236e+00 3.9518e+00 5.2912e+00 3.9608e+00 5.2467e+00 4.5140e+00 4.8632e+00 0.0 0.0
  90.7500 4.5351e+00 3.8761e+00 5.1901e+00 3.8849e+00 5.1465e+00 4.4277e+00 4.7703e+00 0.0 0.0
  91.0000 4.4486e+00 3.8021e+00 5.0912e+00 3.8107e+00 5.0483e+00 4.3433e+00 4.6794e+00 0.0 0.0
  91.2500 4.3639e+00 3.7296e+00 4.9943e+00 3.7380e+00 4.9522e+00 4.2606e+00 4.5904e+00 0.0 0.0
  91.5000 4.2810e+00 3.6586e+00 4.8995e+00 3.6669e+00 4.8582e+00 4.1797e+00 4.5033e+00 0.0 0.0
  91.7500 4.1998e+00 3.5892e+00 4.8067e+00 3.5973e+00 4.7661e+00 4.1005e+00 4.4180e+00 0.0 0.0
  92.0000 4.1204e+00 3.5212e+00 4.7158e+00 3.5292e+00 4.6760e+00 4.0230e+00 4.3345e+00 0.0 0.0
  92.2500 4.0427e+00 3.4547e+00 4.6268e+00 3.4625e+00 4.5877e+00 3.9471e+00 4.2527e+00 0.0 0.0
  92.5000 3.9665e+00 3.3896e+00 4.5397e+00 3.3972e+00 4.5014e+00 3.8727e+00 4.1727e+00 0.0 0.0
  92.7500 3.8920e+00 3.3258e+00 4.4544e+00 3.3333e+00 4.4168e+00 3.7999e+00 4.0943e+00 0.0 0.0
  93.0000 3.8191e+00 3.2634e+00 4.3709e+00 3.2708e+00 4.3340e+00 3.7287e+00 4.0176e+00 0.0 0.0
  93.2500 3.7476e+00 3.2022e+00 4.2891e+00 3.2095e+00 4.2529e+00 3.6589e+00 3.9425e+00 0.0 0.0
  93.5000 3.6777e+00 3.1424e+00 4.2090e+00 3.1495e+00 4.1734e+00 3.5906e+00 3.8689e+00 0.0 0.0
  93.7500 3.6092e+00 3.0838e+00 4.1306e+00 3.0908e+00 4.0957e+00 3.5237e+00 3.7968e+00 0.0 0.0
  94.0000 3.5422e+00 3.0264e+00 4.0538e+00 3.0333e+00 4.0195e+00 3.4581e+00 3.7262e+00 0.0 0.0
  94.2500 3.4765e+00 2.9702e+00 3.9785e+00 2.9770e+00 3.9449e+00 3.3939e+00 3.6571e+00 0.0 0.0
  94.5000 3.4122e+00 2.9152e+00 3.9048e+00 2.9218e+00 3.8719e+00 3.3311e+00 3.5894e+00 0.0 0.0
  94.7500 3.3492e+00 2.8613e+00 3.8327e+00 2.8678e+00 3.8003e+00 3.2695e+00 3.5231e+00 0.0 0.0
  95.0000 3.2875e+00 2.8085e+00 3.7620e+00 2.8149e+00 3.7302e+00 3.2092e+00 3.4582e+00 0.0 0.0
  95.2500 3.2271e+00 2.7568e+00 3.6927e+00 2.7631e+00 3.6616e+00 3.1501e+00 3.3945e+00 0.0 0.0
  95.5000 3.1679e+00 2.7061e+00 3.6249e+00 2.7124e+00 3.5943e+00 3.0922e+00 3.3322e+00 0.0 0.0
  95.7500 3.1099e+00 2.6565e+00 3.5584e+00 2.6627e+00 3.5284e+00 3.0355e+00 3.2712e+00 0.0 0.0
  96.0000 3.0531e+00 2.6079e+00 3.4933e+00 2.6139e+00 3.4638e+00 2.9799e+00 3.2113e+00 0.0 0.0
  96.2500 2.9974e+00 2.5603e+00 3.4295e+00 2.5662e+00 3.4006e+00 2.9255e+00 3.1527e+00 0.0 0.0
  96.5000 2.9429e+00 2.5136e+00 3.3670e+00 2.5195e+00 3.3386e+00 2.8722e+00 3.0953e+00 0.0 0.0
  96.7500 2.8895e+00 2.4679e+00 3.3057e+00 2.4737e+00 3.2779e+00 2.8199e+00 3.0390e+00 0.0 0.0
  97.0000 2.8371e+00 2.4231e+00 3.2457e+00 2.4288e+00 3.2184e+00 2.7687e+00 2.9839e+00 0.0 0.0
  97.2500 2.7858e+00 2.3792e+00 3.1869e+00 2.3849e+00 3.1601e+00 2.7185e+00 2.9299e+00 0.0 0.0
  97.5000 2.7356e+00 2.3362e+00 3.1292e+00 2.3418e+00 3.1030e+00 2.6694e+00 2.8769e+00 0.0 0.0
  97.7500 2.6863e+00 2.2941e+00 3.0727e+00 2.2995e+00 3.0470e+00 2.6212e+00 2.8250e+00 0.0 0.0
  98.0000 2.6380e+00 2.2528e+00 3.0174e+00 2.2582e+00 2.9921e+00 2.5739e+00 2.7742e+00 0.0 0.0
  98.2500 2.5907e+00 2.2123e+00 2.9631e+00 2.2176e+00 2.9383e+00 2.5277e+00 2.7243e+00 0.0 0.0
  98.5000 2.5444e+00 2.1727e+00 2.9099e+00 2.1779e+00 2.8856e+00 2.4823e+00 2.6755e+00 0.0 0.0
  98.7500 2.4989e+00 2.1338e+00 2.8578e+00 2.1389e+00 2.8339e+00 2.4378e+00 2.6276e+00 0.0 0.0
  99.0000 2.4543e+00 2.0956e+00 2.8067e+00 2.1007e+00 2.7832e+00 2.3942e+00 2.5806e+00 0.0 0.0
  99.2500 2.4107e+00 2.0583e+00 2.7566e+00 2.0633e+00 2.7336e+00 2.3515e+00 2.5346e+00 0.0 0.0
  99.5000 2.3678e+00 2.0217e+00 2.7075e+00 2.0266e+00 2.6849e+00 2.3096e+00 2.4895e+00 0.0 0.0
  99.7500 2.3259e+00 1.9858e+00 2.6593e+00 1.9906e+00 2.6372e+00 2.2685e+00 2.4453e+00 0.0 0.0
 100.0000 2.2847e+00 1.9506e+00 2.6121e+00 1.9553e+00 2.5904e+00 2.2283e+00 2.4020e+00 0.0 0.0